==================================================================
step1
cromossome: [-18.98392316 -18.72659536 -21.31145097  -0.68337577 -13.07386295
  -5.25653848 -29.49815011 -20.20559514  -2.36378659 -28.87177667
  -0.31734287 -15.70167983 -20.27384109 -22.24620035 -10.38344725
 -21.43713338 -23.78518504 -22.8940927  -22.15829885 -21.62444508
 -24.2261505  -12.71672803  -5.11557257 -10.86723497 -12.80800118
 -14.8603353  -29.53595877 -11.40376363  -8.90309336 -13.23428527]
bestFitness: -0.0
step2
cromossome: [ -6.53209382 -20.85849676 -29.36309597 -29.79037707 -25.0035872
 -10.83786029 -29.02974267 -18.2103056  -21.50833696  -6.91909708
  -0.95482551  -9.88438231 -24.12318255 -29.9273543  -20.99799345
  -6.34079704 -18.39762587 -12.68544359  -4.19916151 -27.52426218
 -23.46187417 -10.1455013  -15.07367836 -19.45951252 -12.38554433
 -20.78057308 -14.42729882  -3.50039615  -2.81060498 -28.8173588 ]
bestFitness: -0.0
step3
cromossome: [-10.96118788  -5.23260022 -20.72348101  -5.3749295  -25.88420296
 -12.79818592 -26.68240229  -4.61928085  -7.27674558 -18.21189549
 -26.48555711  -5.10646698 -27.41088996 -21.00980716  -0.13496948
  -9.03243407  -8.86232671 -23.31620127  -7.91179049 -29.14192994
 -13.36125932 -16.43267549  -8.36850983  -1.90424796  -3.48980759
 -28.35853628 -22.8791306  -28.8598294  -28.36390458  -7.39489333]
bestFitness: -0.0
step4
cromossome: [-28.63504623 -27.14211791 -19.83861651  -4.17866123 -18.68660336
 -23.73831147 -20.75133219  -8.26356588 -13.95525494  -2.98640562
  -8.62355755  -8.50880664  -4.68994632 -11.87904159 -25.20045071
  -9.28317543  -0.47563779 -16.49890886 -25.47394689  -0.90636453
 -28.17098943 -29.16821806 -22.77359727  -3.87252913 -28.41911179
  -6.46515606  -0.92382602  -0.06055    -17.17424168 -11.89072492]
bestFitness: -0.0
step5
cromossome: [ -3.01004394 -28.25224978  -6.89948002 -19.52441487  -5.58801252
 -23.41031463 -13.3566321  -26.55673342 -20.59078199 -15.61768433
 -22.03775276 -17.20591778  -5.57590567 -26.48664266 -25.38313552
  -4.61334354 -19.9072956   -6.15911204 -29.59419358 -23.32201627
 -28.22055616 -13.05464508 -29.53112957 -18.59051225  -7.78885164
 -13.50725575  -3.35970588  -0.37433047  -1.80985374  -2.32789535]
bestFitness: -0.0
step6
cromossome: [-15.92010511 -25.51225202 -10.74708    -27.6298562  -12.41079748
 -16.53089876  -3.70702685  -8.31176192 -15.37078115 -15.81161338
  -0.03907379  -6.49582017  -9.08922137 -22.85623118 -15.68994044
  -0.81806969 -14.56070305 -24.31889918 -14.15662883 -14.09077963
  -2.56816156 -26.85162797 -17.1942483   -8.9181986   -7.0687786
 -18.25342355  -1.89626507 -10.4276895   -2.45412038  -6.54862476]
bestFitness: 0.0
step7
cromossome: [-12.8225058   -3.02073577 -28.38274224 -19.92151459  -7.81916736
  -9.5424875   -7.41731975 -14.40274408 -29.92609131 -24.33659783
 -23.38372615 -21.87524499 -20.60615559 -16.47543711  -6.57676788
 -21.98309172 -14.35036754 -16.43845691 -13.74853872  -7.78650039
 -23.83399032  -4.42005789 -10.37308688 -13.21325223 -16.86144673
  -3.86526923 -11.36148136 -17.9281073  -27.85866701 -26.22162716]
bestFitness: 0.0
step8
cromossome: [ -7.74160433 -29.43074279 -25.72828353  -6.87883147  -6.29434719
  -1.69699974 -16.28326575  -9.24344577 -24.35368393 -27.94261697
  -0.57083605 -21.05533192  -5.02532252 -22.07249227 -20.78737349
 -12.63560608 -29.55452009 -12.35360969 -29.59445057 -18.02503002
 -18.58754012  -1.05322558 -29.03623838  -6.84721327 -25.06483532
 -27.5512593   -5.01318608 -11.53924024 -22.51767698 -11.96687238]
bestFitness: 0.0
step9
cromossome: [ -9.84548188  -4.26308003 -27.87575454 -16.82102684 -17.01754728
 -27.92360846 -19.50420452 -19.78044044 -21.3893616  -15.79536557
 -11.33438705 -17.54200755 -12.04518494  -3.87952064 -20.32637188
  -9.60196326 -10.95413668 -24.26175229 -11.14062874 -11.94542375
 -16.54502866 -14.26721351 -11.63168485 -27.72122443 -22.83407637
  -9.25819881  -2.25286547 -16.34718374 -24.47939988 -13.82386731]
bestFitness: -0.0
step10
cromossome: [-19.96424285  -7.66922524 -19.44846935 -19.59601329 -18.73404438
 -17.34579891 -29.03706016  -4.03750365 -24.85091266 -22.2561317
 -11.41044025 -12.81082802 -22.09411122 -20.66402139 -29.04764443
  -4.34524373 -26.20813345  -0.15228055 -27.91861833  -2.25954754
  -0.85212119 -21.88209103  -1.20660645 -20.86603488  -6.60652877
  -9.98309827 -21.32575056 -21.95071609 -19.77361469 -11.89875773]
bestFitness: 0.0
step11
cromossome: [ -8.56736937  -3.6842982  -17.72600321 -23.96950186 -18.75788358
 -11.66358877  -4.71157069 -17.87763158 -29.65472195 -22.65974961
  -2.01454015 -16.31787953 -14.90275679 -20.35274553 -22.2918702
 -13.01746825  -8.23252712 -27.39010618  -0.92989144 -14.57816427
 -26.22912905  -7.05466549 -24.24695292 -25.47938529 -10.20475412
 -26.77935924  -5.59349274 -15.89715169  -3.82697544 -27.92513809]
bestFitness: 0.0
step12
cromossome: [ -9.35834141 -11.34072015 -11.22330903 -29.20806527 -17.7658736
 -29.9257772  -18.47120766 -22.11135753  -1.8456784  -10.34552238
  -0.23614711 -29.95559098  -9.7302139  -22.80471556  -3.12778057
  -3.59880841 -24.84091379 -28.40459728  -7.7003873   -2.44041976
  -0.52173196 -17.90237105 -25.43818933 -27.23346023 -17.58737556
  -9.8602853  -18.80715985  -3.62822013  -2.37746925 -29.47667207]
bestFitness: 0.0
step13
cromossome: [-20.87916029  -8.71327389  -1.31949432 -11.41445269  -8.87164918
  -9.28303934  -8.22228737 -17.69142635 -13.09394727 -18.71637508
  -0.86312136  -3.77698309  -0.57873915  -2.09742974 -23.26776758
 -24.15852107  -1.99591965 -18.00887757 -20.69190297 -25.43641866
  -1.13149478 -15.20581365 -18.92851929 -22.11072418 -15.06209995
 -27.09300206 -24.01023397  -5.18211232 -16.58238103 -14.15411942]
bestFitness: -0.0
step14
cromossome: [-11.94793152 -29.28300395 -15.61630036 -14.26717278 -17.30676581
 -22.82743602 -18.24801068 -25.9815302   -2.5425234  -19.30918336
 -13.14436786 -15.86043491 -16.17918995  -8.87403518 -18.61869833
 -22.62320456 -27.31441199  -1.18564181 -24.91418397 -17.05580477
  -7.00671323 -13.48237153 -18.32903086 -24.40615665  -4.37142228
 -29.20308831 -26.83277444  -1.36475256 -14.36637213 -19.29095727]
bestFitness: 0.0
step15
cromossome: [-29.25593558 -24.87193969  -8.58214001 -29.75895485  -8.14268091
 -20.81642704 -20.89823205 -24.94388096 -12.42749635 -26.81485855
  -5.82914568 -23.86117095 -23.64582015 -16.60356184 -22.07306427
  -8.71787213  -8.60015657  -8.597912    -4.70345587 -29.9643542
  -0.80216407 -19.40141113 -15.49376609  -5.14543674 -21.32815
  -7.35427668  -9.3173531   -0.3795036  -10.21908721 -29.56472735]
bestFitness: -0.0
step16
cromossome: [-17.410734   -28.97872857 -17.62202183 -17.61929815  -2.91158666
 -26.67489194 -19.03921947  -5.54122236  -7.94925755 -17.16364335
 -19.0896162  -15.71992435 -15.31203445 -12.4156343   -7.80918886
 -14.62696816  -2.19541367 -20.33747845 -10.26900087 -13.73015579
 -19.89607295 -16.34743787 -16.24573939 -22.76077361 -26.90849864
  -0.24956957 -24.13078055 -26.71145693 -15.60002829 -16.99718287]
bestFitness: -0.0
step17
cromossome: [-23.03466871  -0.77534768 -21.6244529  -24.2083863  -20.91438835
 -21.91991771 -24.04873229 -18.05385647  -4.52180711 -13.44158551
  -4.42399217 -20.13763175 -27.61651042 -14.68912033 -14.38211823
 -24.50715687 -11.33334258  -4.1963672  -26.52974385  -7.54769009
 -15.08984435 -26.55048326 -19.18428032 -12.15936468 -26.99653901
  -1.16500159  -8.17130255 -20.06703766 -26.44677267 -25.45462217]
bestFitness: -0.0
step18
cromossome: [-20.03643579 -25.32788564  -7.77963993  -5.90387826  -5.57960394
  -1.46659839 -24.25879858 -24.35714672 -29.83641417 -14.30118015
 -17.77606719  -5.17933371  -4.55636984 -13.83061297  -0.71011791
 -16.31382505 -12.80644365  -4.82804807 -17.31765327 -27.51457723
 -12.07367057 -11.88036668 -18.9847644   -0.6916141  -22.92861075
 -14.77638669 -22.6135342  -10.66100623  -9.60322605 -26.87898812]
bestFitness: 0.0
step19
cromossome: [ -7.62988228 -15.26979312 -15.68020085  -9.66007305  -5.72789471
 -14.82601143  -9.15932794 -23.46145689  -5.71763876 -26.27525877
  -6.40978034 -18.54808839  -7.68753604 -21.31137662  -1.06779369
  -7.14580361 -18.61399167 -14.93823044  -7.34111409 -15.51118166
  -3.7803627   -2.11680279  -8.84348656 -26.06661341 -22.82693362
 -11.37786616 -12.83520901  -0.63464846 -13.04534299 -13.90202139]
bestFitness: -0.0
step20
cromossome: [ -7.73819622 -20.14387569 -12.42288157 -18.86918946 -11.77293341
 -10.72583939 -19.09518895  -5.96861261 -16.47094765 -21.83423588
  -9.55330389 -11.63194112  -4.09869221 -20.94895423 -16.01346588
 -19.51069508 -19.12584557 -15.04607504  -3.75698055 -13.09753657
 -26.36799217 -26.10315148  -8.98781025 -13.27328214 -28.01549902
 -13.43710177 -14.23009638  -3.52141468 -21.04613447  -6.30439664]
bestFitness: -0.0
step21
cromossome: [-12.38500791  -5.38651406  -3.23487872  -0.64004925 -28.43841134
 -22.81090097 -22.80361373  -0.93495633 -16.61485102 -22.98145674
  -2.02221912 -20.40134047 -11.25040108 -15.50137794 -10.36587411
 -24.53809779 -21.31231973 -22.80541934 -11.08556563  -8.43740434
 -10.33099024  -7.7917851  -27.33978602  -0.59895954  -9.13602464
  -3.28247154 -19.5101805  -24.9205002   -9.96586725 -28.97262314]
bestFitness: -0.0
step22
cromossome: [-16.91624129 -14.62856404  -3.84358608 -21.16873397  -9.31932608
 -21.44968521  -1.84837746  -8.98235696  -1.27954458  -1.60731335
 -27.9730743   -6.91896366 -11.80188143  -7.51224543  -4.22895103
  -3.50239374 -19.24708801  -0.07950261 -25.7670964  -10.91505168
 -19.38866227 -11.07762875 -26.92434301 -28.13232936 -11.17460174
 -19.55732889  -3.28682406 -16.21105806 -23.72323334 -22.49817904]
bestFitness: 0.0
step23
cromossome: [ -4.61498452 -12.50465103  -3.11086373  -5.96781591 -28.10726344
 -20.78524829 -24.01448662 -26.96547327 -26.36753117 -21.80172826
  -0.78962762 -10.97535757 -23.81883141 -27.49053815 -16.34869102
 -20.8225823   -1.52489825 -16.27870612 -27.54289174 -28.63025505
  -3.20473284 -23.62218065 -11.13445006 -16.54385022 -11.77623968
  -8.77353363 -20.33190275 -20.72289486 -16.83955097 -14.83390358]
bestFitness: 0.0
step24
cromossome: [-15.82787755 -22.0135349   -5.12129525  -2.93245599 -15.57142186
 -23.21837189 -24.35930035 -13.88911246  -2.99228604 -14.98108915
 -16.54499019  -9.63307176 -26.70602372 -26.95046256 -23.06655701
 -25.22823348  -4.210381   -15.77333456  -7.012695    -9.1943307
 -21.04639103  -5.42781966 -20.22002048  -8.05302354 -23.97324452
  -0.99067311 -27.03246657 -27.61040701  -1.84397971  -2.65776443]
bestFitness: 0.0
step25
cromossome: [-28.31216146  -1.86995177  -1.86355811  -6.66902683  -3.91765111
 -26.81883455  -4.32706565 -15.62749336 -20.27406316  -0.24851176
  -9.17021238 -17.11738642 -20.53210612 -20.92504628  -7.10029221
 -24.12393122  -5.64353363  -8.32911425 -11.1209227   -7.99014776
  -9.69735632  -1.15231627 -26.93891525 -25.61493319  -7.71750234
  -9.55413629  -0.23559168 -17.96153008  -4.83641396 -15.33479382]
bestFitness: -0.0
step26
cromossome: [ -8.4760476   -7.60620712 -28.34291279 -29.26148802 -10.32371917
 -19.814255   -16.52325987 -27.95443568  -5.69137952 -19.65725227
  -8.29076207  -2.55300121 -17.19330904 -19.38643967 -11.81961205
  -7.0896227  -25.31075624  -8.46477644 -26.80508249 -13.84156917
 -11.49544411 -24.21440971 -24.21492029 -23.40425285 -16.69761002
 -23.19250126 -22.06601085  -6.68735527 -11.03424511 -14.70722264]
bestFitness: 0.0
step27
cromossome: [-2.30863577e-02 -2.03202650e+01 -4.26086587e-02 -1.09524340e+01
 -1.25537632e+00 -1.32768133e+01 -1.33312043e+01 -5.16254057e+00
 -1.07321828e+01 -5.96038718e+00 -2.56512898e+01 -4.22176540e+00
 -1.94104241e+01 -2.90530197e+01 -2.33519961e+01 -7.04518946e+00
 -7.61388479e+00 -1.03439266e+01 -2.54739822e+01 -1.47251226e+00
 -2.06239706e+01 -2.74756848e+01 -2.93971120e+01 -2.92003318e+01
 -1.95237331e+01 -2.36123878e+00 -2.29684633e+01 -1.72569982e+01
 -1.43832362e+01 -2.97140394e+01]
bestFitness: -0.0
step28
cromossome: [ -3.79619235 -17.4341191  -15.65894011 -18.4145663  -28.69573341
 -21.97553958 -13.5120348  -15.8004054   -2.85562744 -25.19103138
  -7.70402214 -27.40710434  -5.01916518 -15.13490351  -5.32763489
 -27.92196803 -23.10186046 -11.29227816  -8.59994738 -14.27782469
 -14.49752119 -12.71740779 -19.95344578  -4.85305227 -21.62737754
 -28.74060211  -3.92591462  -2.8015227  -25.32974463  -8.9718205 ]
bestFitness: 0.0
step29
cromossome: [-13.85408394  -2.9324739  -13.93646989 -17.76672279  -8.90746517
  -5.82060542  -4.12011845 -17.66283018  -3.35314961 -18.52833965
 -16.83668978 -24.81289057 -29.57602704 -15.4166936  -14.64818358
 -26.54495551  -6.32521529 -14.223967   -11.38051554 -25.92647494
 -29.54435863 -18.05008473 -15.16677466  -4.03963746  -4.44148083
  -8.00780253  -2.40442835 -22.36629559 -20.86657161  -5.52667668]
bestFitness: 0.0
step30
cromossome: [ -8.69752047 -28.04874224  -4.89285779  -9.41280143 -10.38150628
 -19.27023105 -12.34523545  -7.54992603 -16.43856834 -13.08478705
 -27.91848456  -9.67735019 -28.90959302 -11.06114781 -23.04576025
 -21.61288231  -9.86966901 -20.02080138  -5.72001242 -27.89680842
 -21.11121428 -20.77426979 -26.64134589 -10.55341953 -29.42342027
  -3.67437926  -6.68510916  -9.23988523  -2.91405667 -19.43765538]
bestFitness: 0.0
==================================================================
[-0.0, -0.0, -0.0, -0.0, -0.0, 0.0, 0.0, 0.0, -0.0, 0.0, 0.0, 0.0, -0.0, 0.0, -0.0, -0.0, -0.0, 0.0, -0.0, -0.0, -0.0, 0.0, 0.0, 0.0, -0.0, 0.0, -0.0, 0.0, 0.0, 0.0]
Variance: 0.0
Average: 0.0