==================================================================
step1
cromossome: [-17.24947088 -22.61701189 -14.67997357 -17.6300978   -2.1309764
 -32.81861973 -19.2002399   -3.07254091 -32.56956367 -13.8618634
 -19.27651318 -18.52045804  -6.59306325 -15.04389894  -1.6295795
 -21.15021885  -9.19495079 -17.00045875 -11.74068973 -12.68271239
 -17.85660788 -26.05198303 -13.78770243 -10.41789415 -26.77854677
  -9.56028907  -2.85904339 -15.52702391  -0.63048109 -21.23212507]
bestFitness: -0.0
step2
cromossome: [-10.75319098 -25.13110788 -22.10550354  -3.46060361 -24.94848108
 -23.31214152 -16.0651174  -25.51826114 -19.05262289 -16.00650727
 -12.54163953 -27.69196706 -33.12795969 -16.28613481 -27.2885182
 -31.47979185  -4.5420384  -20.46765379 -26.3993775   -4.95739821
  -2.51110808 -28.54841846 -23.3286529  -13.57867155  -9.49584234
  -5.47190775 -16.78258098 -21.22245372 -23.18747913  -1.47201413]
bestFitness: -0.0
step3
cromossome: [-24.07046791  -7.30498708  -9.38038602 -28.80968326  -3.27125497
 -17.9732988  -11.34719767 -10.01153804 -22.7981639  -33.95668817
 -19.5947824  -27.86498718 -18.24674626 -17.73122329 -26.75414106
 -23.27671142 -11.28572532 -26.18158396 -10.61015758   1.56041436
  -5.73719207 -16.14809918  -1.05333265  -6.34495472 -24.45275331
 -23.02633523 -31.3515007  -18.93388351 -24.94614609 -29.52379801]
bestFitness: 0.0
step4
cromossome: [ 10.34964442  -6.88478263 -17.25466423 -25.5100675  -35.07637432
 -22.35368958 -23.55927357 -30.26741379 -27.22133933 -15.58099095
  -7.71872259  -4.30833462  -5.78138055  -2.40602958  -8.19539914
  -3.90150448  24.22510604  -4.68283085  -2.01227303 -17.42086568
  -9.8001725    7.00774204 -23.72722627 -54.38276445 -19.65534589
 -18.71553216  -1.82431308  -9.03438408 -32.06470735 -12.4292224 ]
bestFitness: -0.0
step5
cromossome: [  6.63107715 -21.37606851 -10.72825815 -30.29117175 -32.28147992
 -18.0105404  -14.45500371 -22.55470585 -10.67682001 -31.60861142
 -27.04008492 -11.1797906  -21.02167342 -25.28763466 -33.3660483
  -5.90139804  -4.14415358  -9.27125193 -18.96298422 -15.86622382
 -21.99329099 -20.78812624 -14.53433051 -13.75261737  -5.22045515
 -29.34166961 -32.38284182   1.75665751 -16.50874053  -3.87867766]
bestFitness: 0.0
step6
cromossome: [-21.64472707 -12.03453017 -16.10682346 -16.3829523   -8.16277433
 -28.06652064  -9.1398113  -20.2366604  -24.39233298 -24.33142168
  -3.33985388  -1.6386158  -15.66145888 -31.38116918  -5.20581417
  -8.31155591  -9.02510999  -6.20127012 -22.35955017 -12.04603336
 -11.33195039  -6.50814654 -10.95487263 -24.67166419 -23.34741753
  -7.86738568 -28.04954916 -24.47516881 -15.4541877   -6.94948787]
bestFitness: 0.0
step7
cromossome: [ -16.40377824 -106.31647987   62.61266155  -54.20719671    5.09464854
   19.89653503 -110.43211203   96.94711337  -75.17614681   49.54074613
 -152.31897023  -63.7503903   -84.49267853  177.02250136  -20.32010015
   10.84066718  -55.51820825   77.60845574   10.61609295   17.85744914
  -57.01755907  -49.06559634  -47.88234144  -86.66885604  142.69542965
   39.48243553    9.96975217   -5.15579204 -100.38885711    5.21524227]
bestFitness: 0.0
step8
cromossome: [-18.08394217 -10.71477275 -25.99934491 -14.04767545 -27.14000249
 -15.9401312  -10.48068514 -27.55069332 -15.29136319 -18.4049934
 -19.54858756 -29.33579676 -10.63285861 -25.97104813  -1.41063284
  -8.91577948  -8.15116131 -27.92342064 -18.73586629 -23.74560578
 -23.53055667  -1.48421312 -17.03244965 -26.53233376   2.63510682
  -7.42206886 -25.26668465 -28.04507406 -25.73421113 -27.44819422]
bestFitness: -0.0
step9
cromossome: [-20.61250011  -4.61847573  -4.50630094 -20.61189844 -37.64715185
 -17.7234313  -25.83383105  -8.07837152 -23.934086   -14.47925331
 -10.19928237 -13.13277605 -33.9267412  -19.37853038 -12.99728336
  -2.30161573 -33.70471771 -26.01501484 -14.66367204 -30.34405919
 -11.60219363 -13.40409481 -23.99624114 -11.59634482  -1.67578467
 -30.84052408 -30.30239053  -8.59574066  -4.77837063  -3.58654586]
bestFitness: 0.0
step10
cromossome: [-15.11954339  -6.4231506   -2.64201963 -19.28282037 -16.33731433
  -6.95511533 -15.35553922 -12.72540042 -19.82352281 -28.47857969
  -3.93370112 -24.96051702 -25.7213934  -20.34466187 -25.25838707
  -4.13069767 -23.5707728   -1.20138156  -4.36658989 -21.4601115
 -27.71092682 -26.54625106 -16.87321071   0.25430688 -24.02324554
  -2.55615168 -11.38473944  -6.05114241 -18.55870125 -11.5139567 ]
bestFitness: 0.0
step11
cromossome: [ -2.17398195  -8.26826494 -26.47254611  -5.15148872 -26.77465121
 -22.48619523 -23.50218129 -17.97120629 -25.90810533 -19.22847862
 -30.35967917 -14.71873308  -8.84728062 -17.81427495 -19.97385114
  -1.70256663 -17.55544915  -3.91091433  -5.3013471  -29.6104043
  -5.74265788 -13.96047741  -9.42797293 -11.89131241 -18.02674473
 -24.11275722 -17.27892847  -3.9591353   -9.02359034 -10.11944701]
bestFitness: -0.0
step12
cromossome: [ -5.77316217 -28.30127884 -25.07367772 -45.14643036 -11.9811788
 -21.8427323  -55.57622014   8.05073    -25.48917606  -2.93607618
   6.52681007 -11.70073073 -49.49382879 -16.07033535  10.63336097
  -0.52871341 -12.18835327   3.67776631  -0.53715504 -22.81492085
 -29.81490041 -20.95717818 -44.43648525 -14.15807499 -30.73055951
 -34.6888538  -35.53528411 -27.26812023  15.53253489 -27.71992092]
bestFitness: -0.0
step13
cromossome: [ -8.07783146 -20.38058957  -2.81824319 -22.83255801 -26.18994876
 -25.69421663 -20.80911408 -25.67802876  -2.25311815  -8.66359967
 -24.79069463  -3.35569852  -0.65853869  -3.78222051 -11.46866079
  -1.7877559  -25.05352743 -16.20636335 -14.80135059  -4.26568825
 -28.07062296  -4.84070817 -13.50339277 -30.86801638 -11.02961278
 -22.30474142  -2.12859729  -4.66285471 -27.09157712 -14.3609478 ]
bestFitness: -0.0
step14
cromossome: [ -1.95466315 -20.98149351  -7.90698024 -31.17854043 -26.59645064
 -12.35311613  -7.32847659  -7.78073544 -22.21580504 -13.17913478
 -14.39269619 -21.96682464 -25.19897332 -11.85613496  -6.28820869
 -25.52154749 -24.85901432  -5.72444785  -7.64545325 -11.12513364
 -15.54543098  -1.72632847  -5.55983735 -25.37687554 -10.50668187
  -7.16216764  -4.59746691 -24.71309524 -33.04178873  -6.79447298]
bestFitness: -0.0
step15
cromossome: [ -1.84027558   4.57260578 -53.12419319  -1.85789181 -34.77386633
   5.17240659   5.60461064 -18.95700637 -22.1801154  -45.40013132
  -2.67583336 -19.45852551 -36.87719128 -22.62058396 -13.29765405
  20.37085681   6.7800528   -1.32981836  25.89584628  20.17884168
  24.30526524 -13.29482538   9.10419772  -2.80044693 -39.87687999
 -37.85415926 -15.34954264   0.51819684 -18.03676656  19.03841712]
bestFitness: -0.0
step16
cromossome: [  6.14903297   7.59322705  35.07582241 -81.80099822   1.43034641
  -2.14915954  17.89697902   8.50599966 -55.76157059 -45.72564497
  28.43025091 -53.78677966 -31.86390722 -32.39208016  -3.05742253
 -30.96691223  -9.74534806  34.49058491  -6.75845642 -12.78930855
   7.10885112   1.75787388 -58.35956902 -26.59403814   8.14036045
  -7.62927386 -24.94322688  -9.52060824 -64.91803871   6.31483401]
bestFitness: 0.0
step17
cromossome: [-25.35022333 -26.48843243 -23.48761353  -9.86679381 -26.94796409
  -6.35571216 -15.20215144 -24.72449664  -6.09768232 -21.66677704
 -26.92135898 -26.96216185 -20.50461129 -20.31784658 -20.90931853
 -26.83753943 -10.96349219 -20.26333593 -12.89210446  -5.99641184
  -8.46505936 -30.42815443 -14.48905061 -17.91314157 -29.64405828
 -11.64516606  -6.08973123 -26.9292335  -14.64722226 -16.49261811]
bestFitness: 0.0
step18
cromossome: [-47.71662942 -17.47293394 -28.83541958   7.25390939  -4.22138491
  13.45471158 -10.28356035 -42.32065672 -21.67830027  -0.21288942
 -39.58160476 -37.90605836 -36.92684444  -7.81319123 -22.69304345
  16.11059718   9.07523057 -21.4344674  -19.90961048 -17.71789566
 -38.37488931 -18.32647607 -29.42142874   0.07496912 -14.56511823
 -17.66217671  -9.79109961   3.74749663  -2.53184902  -1.84501051]
bestFitness: 0.0
step19
cromossome: [-26.36087839  -8.67495921  -0.27525415  -2.14931832 -20.34958063
 -11.2409204  -10.07112073 -11.07048592 -19.80115017  -8.9522025
 -10.22753516  -8.40633314 -35.76376083  -6.91404802 -20.11229858
 -17.48991497  -8.47376655 -27.25721182  -8.21703171 -34.99640398
  -9.80273033  -4.82611991 -18.62088762 -12.34439041 -14.82400422
 -22.34868528 -33.80956573   1.45058028  -2.99808728 -11.85244736]
bestFitness: 0.0
step20
cromossome: [ -5.33646299 -26.20853992 -20.90896684 -23.69695049  -9.17720233
 -17.39502516  -8.85959612 -24.60448609  -1.07152097 -19.37719803
 -19.61359377 -16.04061411 -12.84451542 -18.13972649  -4.539345
 -25.47137798  -6.869454    -9.4904359  -10.2431598  -22.57490353
 -17.29972801 -14.90106788 -29.29404312 -16.55833628  -3.58260358
 -26.85061929 -13.98399788 -20.4334623  -13.44327443  -7.46197284]
bestFitness: 0.0
step21
cromossome: [-19.36655238 -10.27928473 -14.64222324  -0.39964525 -11.44222474
 -22.98562049  -9.51456586 -11.38329799 -13.19396873 -26.48674357
 -31.94411644  -3.88510887 -21.29118748 -17.23161703  -9.25052641
 -26.3899632   -3.38070247 -16.05108667 -23.80880817 -23.07455988
  -7.87384702 -17.13958475 -15.82437328  -6.57167149 -27.08109521
 -12.46732703  -6.62421008 -22.02121231 -21.99640527  -4.90123756]
bestFitness: 0.0
step22
cromossome: [-26.64270107 -14.52180205  -4.91832225  -5.29607483 -19.74684267
 -12.94455632 -26.0545121   -6.35139522 -27.55554007 -16.40089803
 -29.65794784 -12.47183319 -18.22850974  -2.14937676  -3.87553835
  -7.63949898 -33.89895812   3.54945993  -4.43389769  -6.10919968
 -15.09332022  -3.53682303 -17.35149458 -34.54207762 -14.22093896
 -46.71272865 -14.38834461  -0.24891207 -36.06164605 -22.38529977]
bestFitness: 0.0
step23
cromossome: [-28.30891642  -2.4863775  -16.63983269 -26.39498259 -12.16641783
 -13.62027664 -22.87778472 -23.55377502  -9.87472568 -17.01589298
 -17.3032382   -2.05776029 -24.16099753  -1.46597678  -0.22364076
  -1.78118885 -13.07713135  -6.31083202 -20.17926265 -12.68032367
 -10.12117767 -17.76290459 -24.068283   -13.28006568 -28.31308202
 -28.59821699 -13.15860501 -23.35482755  -5.34204019 -13.00758329]
bestFitness: -0.0
step24
cromossome: [-20.71744424 -12.62979643 -21.40208975  -5.95671094  -3.34584281
 -16.80744432 -16.00583002  -7.58775501 -19.57715778 -14.71529288
 -12.78224772 -25.43244562  -6.41426673 -23.75089633  -5.82024088
 -20.70321901  -5.78709898  -3.97513451 -13.95603868 -17.32281831
  -7.98931938 -25.90434259 -10.99418808 -27.13733359  -4.32846946
 -26.81126343 -22.23298407 -23.88920639 -21.30719608 -20.09627922]
bestFitness: -0.0
step25
cromossome: [-4.11368566e+01 -1.83171907e+01 -1.39418635e+01  2.04941013e+01
 -1.66097000e+01  2.19674878e+00 -1.70250253e+01 -2.63390875e+01
 -2.64196788e+01 -2.91337924e+01 -9.04557879e+00 -5.61125365e+00
 -2.64838588e+01 -3.03239924e+01 -2.45740020e+00 -3.91543712e+01
  5.45394419e+00 -1.96188213e+01  3.07958987e+01 -3.30898021e+01
 -1.44296772e+01 -1.19223306e+01 -3.23524536e+01  4.37510876e+00
 -6.15216048e+01 -4.04756162e-02 -3.65413269e+01 -4.87127827e+01
 -1.36217979e+01 -1.33949202e+00]
bestFitness: -0.0
step26
cromossome: [-34.55755978 -16.74281403 -36.48083056 -17.71335411 -16.53785647
  -8.62933719 -12.5871479   -1.59173674  -3.91359195  12.21451502
  -4.22625117 -22.66004756   6.62564283   4.46035072 -46.54354036
 -25.53852101  -3.73147019 -13.20021116 -23.90990223 -21.04946516
   2.12808894 -20.57786413  -8.1658659    2.29557993 -21.69349414
 -11.90324406 -15.17491811 -33.52828509 -25.88438844 -22.88083474]
bestFitness: 0.0
step27
cromossome: [-15.65518862  -2.54938453 -22.64258738  -3.60894069 -11.95294566
  -8.69242428  -1.49711424 -17.67244959  -5.38827057  -2.21464489
 -15.85340331  -4.93085994 -11.37441252 -20.83279193  -7.62462206
 -24.79465385  -9.86330501 -12.5372252  -17.27161009 -11.41608018
 -27.72211219 -16.5655285   -4.09303753  -0.64200307 -13.32287492
 -14.542004   -19.2388536  -25.79117482 -10.59632841  -7.55816102]
bestFitness: 0.0
step28
cromossome: [-29.64513326 -26.27426843  -8.01773445 -18.27990947 -18.8916995
 -15.75224142 -26.96927852  -3.92479121 -30.73954231 -31.58299645
  -8.1834077  -11.67809312 -11.19611449  -6.83587779  -2.82910763
 -17.20953283 -16.65119362 -15.01516719 -22.44945235   3.64649393
 -12.9567848   -7.4371913  -21.55904351 -24.65934415 -20.23186811
  -0.8531553   -2.76682729  -3.11880034 -12.66244069 -11.0674121 ]
bestFitness: -0.0
step29
cromossome: [-23.83463668  -3.80234498 -24.46727909 -22.84881615 -28.68297215
  -1.79395194  -3.86085628 -10.04841819  -6.55702731 -17.88669253
 -10.42810348 -27.29690498   0.09524774  -3.64958378 -24.69088054
 -21.03188928 -23.24927686 -15.93003917 -11.78033546 -13.57907953
 -23.2938773  -26.33160713  -3.00567824 -15.84634793 -13.98610099
 -13.5726015  -12.35582087 -16.09002171 -19.93734616 -15.31982026]
bestFitness: -0.0
step30
cromossome: [ -4.30217743 -12.37907742 -18.00506849  -9.66756491 -14.62577118
  -7.50977852 -11.35182729 -10.03222997 -12.88960439 -23.46236326
 -26.76462935 -10.74928341 -11.46236728 -17.70988698 -14.14488977
 -21.34246376  -1.88189667   1.32820259  -6.11301862 -27.87666828
  -8.57817803  -3.91580895 -20.26750415 -15.64187126 -12.09413268
 -13.6588583   -1.93912475  -9.12343048  -9.97239146 -19.42616055]
bestFitness: 0.0
==================================================================
[-0.0, -0.0, 0.0, -0.0, 0.0, 0.0, 0.0, -0.0, 0.0, 0.0, -0.0, -0.0, -0.0, -0.0, -0.0, 0.0, 0.0, 0.0, 0.0, 0.0, 0.0, 0.0, -0.0, -0.0, -0.0, 0.0, 0.0, -0.0, -0.0, 0.0]
Variance: 0.0
Average: 0.0