==================================================================
step1
cromossome: [-2.46406926  0.4928305   1.47867736 -0.49289052 -1.47861645 -0.49281696
  2.46406992 -1.47855192 -0.49290167  6.40098087  0.49294524  1.47846805
  2.46403914 -1.47852936 -2.46399152 -1.47852887 -0.49276408  1.47846775
  1.47852802 -0.49286831 -0.49287992  1.47850618 -1.47851399  1.47865782
 -3.4491512   0.49286833  0.49290147 -0.49274183  0.49288604  1.47855676]
bestFitness: 6.51173
step2
cromossome: [ 1.4672134  -1.46720029  0.49036851 -3.42381772  1.46791886  0.48979744
  0.48857209  3.42198007 -1.46845018 -2.44528722 -0.48963132 -1.46787378
  0.48926039 -1.46720095  1.46857901 -3.42203131 -1.46771895 -2.44661298
  0.48892638 -1.46762821  0.49014317  0.48922943 -3.42423166 -2.44647058
 -1.46777291 -0.49066385  3.42337872 -0.4894483   2.44672278 -0.4898344 ]
bestFitness: 6.7718
step3
cromossome: [ 1.51022353  0.50686046 -1.50670352  0.51290158 -1.50863617  1.51919075
 -2.51363671  2.51203278  0.49581761  1.51734706  0.50418801 -2.51534283
 -1.52761639  2.51811326  1.50107839 -0.50937349 -3.5224321   0.49514638
 -3.52086002 -0.50414894  1.51509191  1.50547622  1.51710925  3.53424024
  2.515665   -0.50294666 -1.50259039  2.51177259  0.51241994 -1.51633578]
bestFitness: 6.35833
step4
cromossome: [-2.4383452  -1.42484664 -0.50414243  1.46650308  1.42149762  1.52168726
  0.438177   -1.34827047  0.49950219  1.48677548 -0.51296335 -3.45400867
  0.50150043  1.52763786 -3.41818509 -0.50239606 -2.247175    2.4718203
 -3.44190194  1.52194836 -2.51021529 -1.3941486  -0.49719916  0.43218026
 -1.52861478 -1.46297849 -1.50372364 -0.44141035  4.45943018  0.44911786]
bestFitness: 7.40335
step5
cromossome: [-1.45921866  0.48525105 -0.48635815  0.48597861  0.48693508 -1.45908504
  1.45791176 -0.48656027  0.48706232  2.43040011  0.48640308  1.45830386
  3.39824059  2.42913756 -4.35993697 -1.45730196  3.39679843 -0.48680072
  0.48531808  2.42980506  1.45980549  1.46024286  3.39709614  1.45883397
 -2.43002763  0.48636985 -1.46029853 -1.45767088  2.42894477  0.48723305]
bestFitness: 7.12563
step6
cromossome: [-0.50555434 -1.49344645 -3.5170278  -0.50602352 -2.5231682  -1.51220096
  0.49721537  0.4955307   1.52187712 -4.53046565  0.48912266  1.50310248
  0.50732297  0.49160189 -1.51275545  1.50560429 -0.50620317 -2.52890616
  1.51294939  1.52679164 -3.50937669 -1.51782938 -2.50987031  0.50160627
  1.51646003  0.49912698  0.50098972 -1.50829454  2.53527308 -2.52460401]
bestFitness: 6.36518
step7
cromossome: [ 3.46417017 -3.50124999 -1.50386688 -0.47733966  1.5021201   0.54711614
 -0.55293522  2.45387512 -2.44706715  0.51920901 -1.47360834 -3.40873444
  0.53906671  1.54522039 -2.40690216 -2.4659612  -0.50116033 -2.46325603
  0.50038844 -2.41633544  1.51050876  0.50571885 -3.43927555 -0.54572521
 -2.44568221  1.45341177  0.41139426 -0.48834863 -0.48746961 -0.5519767 ]
bestFitness: 6.80747
step8
cromossome: [ -1.74467722   0.53243986   2.5584774   -6.16351522  -2.49603379
  -1.01007838  -2.26008989   6.00680758   3.02841344  -6.31208603
   3.66082872   3.89125331  -0.20134355   1.89383249  -2.07021039
  -0.94382585  -7.4034604   -4.99485073   1.13320094  -3.6760365
  -2.44930008   7.17648796  -0.53853753   5.30483475   0.51344857
   5.00701185   0.70274067   0.63984477   7.0153746  -12.24389508]
bestFitness: 139962.97438
step9
cromossome: [-10.21940596   2.78699473  -8.1668246   -4.25181257  -2.92503069
   3.95775372   0.99668532  -0.24429509   4.27755655   0.8823716
  -2.9925334   -3.06191758  -4.81302169   4.17054966 -22.5116604
   6.06713373   5.71482382  -0.67724177 -17.4361087   -4.44170599
  -2.51920416   5.17293185   4.45350875  -7.23105232  11.85356413
  -2.90340322  -7.31699727  -5.20104043 -22.97205497  -1.11059882]
bestFitness: 22323194.72252
step10
cromossome: [-2.36706488 -0.42182517 -1.55750836 -0.30858684 -0.54433157 -1.41283549
 -1.38380604 -1.48765857  2.62053492  1.42673837  1.37995899 -0.47606218
 -0.68057398 -4.42894443  0.32985855 -1.1841462  -0.26640755 -1.3059806
  0.53905088 -1.41117727 -0.46199328 -3.55805474 -2.35386071 -1.4312561
 -4.607379   -1.4599588   1.42452338 -2.47900629 -0.73730639  0.49332382]
bestFitness: 9.18567
step11
cromossome: [ 2.44646615  0.48949307 -1.46826527  0.48948259 -0.4894909   3.42359277
  0.48948653  0.48948126  1.46826297 -4.39889658 -2.44646689 -2.44646763
  1.46826082 -2.44646704  0.4894855  -2.44646321  2.44646956 -0.48948414
 -0.48948163 -1.46827046 -1.46826459  1.46826405 -0.48948219  0.48948272
  1.46826316 -1.46825976 -0.48948915 -0.48948223  0.48948401 -4.39888817]
bestFitness: 6.77005
step12
cromossome: [-6.06082284e-03 -9.91363008e-01 -2.97756307e+00 -1.42858469e-03
 -2.17945284e-03 -2.98526283e+00  3.97237449e+00 -9.91360317e-01
  9.93343773e-01 -4.26280966e-03 -1.98476163e+00  9.91370111e-01
  1.33258293e-03 -9.88613206e-01 -1.98086989e+00 -2.97250187e+00
 -1.98894342e+00 -2.97301952e+00  2.97396508e+00  9.92219880e-01
 -9.96403228e-01 -1.98378682e+00  4.81900847e-04  9.90799660e-01
 -1.98568121e+00  9.87844409e-01  1.98204197e+00  9.90211917e-01
 -1.98257466e+00 -4.04485566e-03]
bestFitness: 7.91783
step13
cromossome: [-4.56810852 -1.52216166  0.50698047  2.5366571   0.5062785   2.53741195
 -1.52254231 -0.50737605 -0.50703383 -0.50701663  0.50734851  0.50804609
 -2.53695626 -0.50765165 -2.53812358  2.53585236 -1.5211249  -0.50733899
 -0.50668257 -0.50813326 -3.55142007  1.52197278 -3.55116235  0.50664927
  1.52300959 -0.50680669  0.50820178  1.52251587  2.53738212  1.52203092]
bestFitness: 6.49898
step14
cromossome: [-0.45581337 -3.51378664  1.45988586 -1.50450435 -0.52831267  3.45942633
  1.42429535 -3.40868091 -0.48306851  0.50864583  0.46669565 -3.39845716
  2.46277602  0.52193248  1.50114023 -0.49786931  2.41752121 -2.45942627
  2.47669838  1.49239983  1.49848019 -1.45185479  1.48549532 -1.50294057
  1.50848155  0.57316369 -1.39692359 -0.53049912 -1.51202492 -2.44858512]
bestFitness: 6.78615
step15
cromossome: [ 1.51734587  0.50356092  0.51914185 -0.47605753 -1.49392157  4.50753342
  1.48399393 -0.49065436 -4.48645872 -0.50517487  3.49780131  0.52520401
  1.49487821 -1.51879706  2.48829595 -0.49880758 -0.47384758  1.51000269
 -0.5188628  -0.50752833  3.51059462 -2.49913491  0.47983482  0.50454983
 -1.50296209  0.49041114  0.52857623  2.48517483 -1.49835448  0.4984603 ]
bestFitness: 6.34297
step16
cromossome: [ 9.78291280e-01 -1.94244573e+00  3.86812661e+00  1.94436597e+00
 -1.93010791e+00  2.89824324e+00 -1.94458359e+00 -2.89551518e+00
  9.71291323e-01 -7.36300149e-03 -9.65057468e-01 -3.39892059e-04
 -1.93255194e+00  1.93815676e+00 -1.94631962e+00 -2.89488563e+00
 -9.69644194e-01 -9.71762349e-01 -9.63869543e-01  9.56757729e-01
  9.72136720e-01  9.66053342e-01 -1.92066254e+00  1.93359449e+00
  1.73951031e-03 -1.92499974e+00  9.65330480e-01 -2.50758746e-03
 -2.90233473e+00  1.94090663e+00]
bestFitness: 8.77295
step17
cromossome: [-0.49527143  1.49016055  0.49661272  1.48879299  4.46457641 -3.47448094
  1.48894451  1.48886275 -0.49641009  3.47439908  0.49464625  2.48191709
  2.48171962 -1.48856989 -0.49654197  0.49679027 -0.49582729  0.49707577
  0.49561201 -2.48171872  2.48143383 -1.48785411  0.49631866 -1.48996021
 -1.48767741 -0.49521866  3.47308878 -1.48813622  0.49686783 -1.49025292]
bestFitness: 6.35602
step18
cromossome: [-3.47152694  0.50670212 -1.50273562 -0.49213578  2.47632453  0.49580218
  0.50171453  0.49632101 -1.49111131  1.49449526 -2.48038702  0.49762958
 -0.49184499 -0.49486995 -1.48129214 -2.48956711  4.46976663 -0.48962216
  3.47852054  0.51081859 -0.50498483 -2.48046329 -0.48420001 -1.48260068
 -1.46913676  1.48503037  0.50551484  0.47879137 -2.46187977 -3.47253691]
bestFitness: 6.37261
step19
cromossome: [-1.48876846 -1.49987562  2.48830763  0.4852935   2.476418   -0.49530275
 -1.48602315 -1.49382561 -1.48290479  1.49375183 -1.48207018 -2.47701788
 -1.48595273  0.4832056   1.48493082  0.49391096 -0.48669336  2.48826675
  0.50419235  1.48189714  0.50569616  3.4673556   2.49194635 -2.48403644
 -2.48330965  0.49464086 -1.49017324 -4.46889462  1.4989126  -1.49239106]
bestFitness: 6.36559
step20
cromossome: [-2.46474582  1.48376486 -1.47116987 -0.46204959 -0.45696362 -2.49265536
 -0.51583936  0.46975433  0.48230824  1.46622008 -3.4261334   0.447858
  0.49293723 -1.46197447  0.49070654 -1.48871928 -4.42488327 -2.43698249
 -3.47720857 -1.48205513 -2.46344761  1.50360009 -0.48080893 -1.46289363
  0.47906857  3.4465665  -2.50027315  0.52715221  0.50152212  0.52399889]
bestFitness: 6.61277
step21
cromossome: [ 4.31785374  0.49371673  0.55393918  2.32026341  0.44676825 -1.57407211
  2.30998733  0.64273143  1.17287839  0.44776708  3.46892048  1.4933054
  2.58429078  3.48114975  0.51618963 -2.49110022  1.37672774 -2.42521818
  1.51530089  2.51014683 -1.53403294 -1.48264418 -1.4451819   0.48294428
  0.53882408 -1.54769907 -0.41627371  0.49824875  1.90828405 -0.51050495]
bestFitness: 8.59432
step22
cromossome: [ 2.79712381e-05  2.99857503e+00 -9.99631692e-01  1.99911968e+00
 -9.99638637e-01  9.10772558e-05 -9.99627692e-01 -9.30683163e-05
 -1.99903448e+00  1.99902357e+00  1.99903762e+00 -2.99873981e+00
 -9.99645601e-01  4.99783226e+00 -1.99916951e+00  9.99598762e-01
  9.99501472e-01 -2.92677723e-05 -1.48587568e-05 -1.99915433e+00
 -1.99902607e+00  2.99869872e+00  6.86672575e-05  4.73157237e-05
  1.99903326e+00  9.99496660e-01 -9.99617207e-01  9.99549713e-01
 -1.99904743e+00  4.95611954e-05]
bestFitness: 7.86047
step23
cromossome: [-9.92384950e-01 -9.74739118e-01 -2.98697701e+00 -3.97105389e+00
 -1.99342640e+00  3.00727781e+00  1.12186545e-03  1.00678603e+00
 -2.09467040e-02 -1.00481395e+00  1.20345824e-02  2.97143140e+00
 -1.03161009e+00 -9.79798338e-03  9.91790878e-01  6.72070827e-03
 -1.99417964e+00  1.02296500e+00 -1.08719985e-02  1.46956207e-03
 -1.98190194e+00  9.96460945e-01 -3.98685148e+00 -2.97352554e+00
 -1.49773445e-02  9.92058617e-01  1.00789903e+00 -8.75734906e-03
 -1.98153692e+00 -2.00168649e+00]
bestFitness: 7.91125
step24
cromossome: [ 0.19796531 -2.345906   -1.40360363  3.25380615 -1.57707859 -1.61615226
 -2.65556496 -1.7958766  -0.09604653 -2.1980661   2.5606458  -0.55188284
 -1.90051064  0.18851496 -0.72495119 -0.46672669  0.38767318 -0.32349653
 -2.00096489  4.75102359  0.19736779  0.30830697 -2.67422356  3.66349956
  0.64350945 -1.41566444 -1.35773559  0.72815896 -0.36713918 -0.44852037]
bestFitness: 12.40308
step25
cromossome: [-2.98625937e+00 -9.94432346e-01 -1.00225907e+00  9.92323892e-01
  1.98474520e+00 -1.99264637e+00 -3.97941597e+00  9.94488726e-01
 -2.98579713e+00 -1.00279781e+00  1.99700201e+00  2.99003945e+00
 -3.77157168e-03  1.99187882e+00  2.99583514e+00 -9.93593831e-01
  1.98745241e+00 -3.68306551e-03  9.99878316e-01 -1.98827977e+00
  5.10329754e-03  9.90585415e-01  1.98263703e+00 -9.97555117e-01
 -9.96828217e-01 -9.96986943e-01 -9.90450294e-01 -9.90638421e-01
  1.98519979e+00  9.94939369e-01]
bestFitness: 7.88023
step26
cromossome: [ 0.50069435 -2.50074012  1.50016513 -0.49969415 -1.50054245 -0.49957603
 -1.49961407 -1.50078917 -3.49947117  1.50145266 -3.49997781  0.49844612
 -0.49693206  0.49678793 -2.50094189 -0.50198637  1.49972873 -0.4995024
  3.50036823 -1.49892103  0.50343693 -2.49596662  0.50095902 -1.49981169
 -4.49549991 -1.50253305  0.49815557  0.49967835 -2.49846911 -0.49688232]
bestFitness: 6.30214
step27
cromossome: [-1.45926064  2.430664    0.48679719  0.48698552  1.45902554  3.39845491
 -4.36249756  1.45964446 -1.45859257  0.48695788 -0.48710055 -0.48636037
  2.43035995 -0.48642066 -1.45950741 -1.45911281  3.39915127  3.39918549
 -0.48658894 -0.48630786 -1.45903849 -0.48646565  0.48706748 -0.48689275
  0.48600596  4.36258045 -0.48631438 -1.45914196 -1.45944629  0.48637473]
bestFitness: 7.12056
step28
cromossome: [ 1.50854348 -1.50112789  0.51434491 -2.54774406  2.5324892  -1.51960955
  0.50952793  0.49551089  0.51208737  2.5338594  -0.5172642   0.51291009
 -2.53384249  1.5187863  -0.51682894 -1.5367848   1.5266725   0.50032484
 -1.51984938 -4.56461032 -2.54213737 -2.54838088 -0.50337694  1.52025986
 -3.54600366 -0.51364418  0.49376408 -1.52470344  1.52422645  2.54082796]
bestFitness: 6.51226
step29
cromossome: [ 5.68805926 -4.98934324  0.81026211 -4.4645232  -5.02218302 -2.59768907
  4.52705591  3.14822707 -2.44517649 -0.76972376 -2.55603546 -0.18907419
 -3.79729169  2.4816872  -2.42748173 -6.19491542 -4.56808355 -3.62413051
  1.39759101 -4.07918073 -0.91715495 -0.73462399 -3.35876086  3.32015451
 -0.08305167  1.6951431   2.66592368 -1.72618751 -5.61864927 -0.77268662]
bestFitness: 13701.68629
step30
cromossome: [-0.48941453  1.49950374 -3.51040381 -2.50628539  1.51000949  2.50916173
  1.50026362 -1.51144744  0.50670483  0.50506191  1.49442217  3.49968213
 -4.49746106 -2.49534036 -2.49907154  0.48642255  0.49240993 -1.49479627
 -1.49480009  0.49596069  1.49785865  2.48551331  1.50367919 -1.50620669
 -0.50790126 -0.49109521 -1.49233223 -0.48292485  1.51412746  0.50556478]
bestFitness: 6.31615
==================================================================
[6.51173, 6.7718, 6.35833, 7.40335, 7.12563, 6.36518, 6.80747, 139962.97438, 22323194.72252, 9.18567, 6.77005, 7.91783, 6.49898, 6.78615, 6.34297, 8.77295, 6.35602, 6.37261, 6.36559, 6.61277, 8.59432, 7.86047, 7.91125, 12.40308, 7.88023, 6.30214, 7.12056, 6.51226, 13701.68629, 6.31615]
Variance: 16603593070005.389
Average: 749235.1869576667