==================================================================
step1
cromossome: [ -4.04093979 -29.17456637 -23.04870081 -18.18197885 -29.88915746
 -20.80685925 -15.5587353  -21.66117031  -5.63362275 -22.51610023
  -1.00629983  -3.55830495 -15.09264368 -21.22477066  -9.82053134
 -27.48680182  -7.48199832 -21.20265052 -16.47015532  -7.28627272
  -3.61053745  -8.81669574 -20.711171   -14.90862693 -13.00638638
  -9.58951255 -19.01673874  -1.91081877  -8.45075741 -19.05472157]
bestFitness: -1.7558555834531966e+24
step2
cromossome: [-29.71483879 -20.64722131 -21.14834902 -16.53463718 -12.4764514
 -10.73007482 -23.40381322  -3.96142139  -1.62286307  -1.19690448
 -27.49627572 -12.30187416 -27.21874776 -16.46204369 -16.25793555
 -19.07175395 -25.96358835 -20.24383762  -6.44658935 -11.66413943
 -11.43004958 -11.54991902 -19.87908406  -9.11175597 -21.24871053
 -25.5726276  -18.58747552 -22.78801653  -4.88385516 -14.13765794]
bestFitness: -1.414228314162373e+30
step3
cromossome: [-1.11739282e+01 -1.09823287e+01 -3.37656429e+00  1.72355318e+00
 -8.31320055e-01  1.11521567e+01 -1.31119147e+01 -6.03918082e+00
 -9.15828156e+00 -1.78683069e+01 -6.54406931e+00  4.76792741e+00
 -2.12350374e+01 -1.41110949e+01 -2.88587290e+00  1.59307015e-02
  5.99703561e+00 -4.91576397e+00  1.56272700e+01 -3.04173775e+01
  7.33732045e+00 -1.29562819e+01 -4.50832551e+00 -1.73444487e+01
 -1.45759297e+01 -6.80668504e-01 -1.41497447e+01  5.60723986e+00
 -1.89852626e+00 -4.17472498e+00]
bestFitness: -16668.13092
step4
cromossome: [-20.8697542   -5.40269055  -6.88001103 -31.61189057 -18.66751839
  -7.57664896  -9.55537194 -25.28132528   3.19582976  -1.19449876
 -11.70389836   7.03549591 -25.96373349   8.97513345  -5.86930363
 -32.1258716   -1.06084277   6.60071846   1.50106785  -4.05571193
 -22.91620463  -0.62390475 -17.0752044    1.61318026   0.44356079
 -18.37831174 -17.40277744  -4.02150305   3.30992027   9.82502933]
bestFitness: -541423159468467.94
step5
cromossome: [ -9.04199464 -16.43993552 -14.19165791 -15.24077524 -20.04120715
  -8.71675582 -27.3859773   -7.32534879 -27.4495344   -8.90878797
 -19.59211168  -1.25000576 -26.39677966  -1.1870747  -19.13762386
 -13.46617217 -16.35328782 -23.32551447  -6.67749463 -14.54778358
 -26.83948229 -25.61112266  -0.63181541 -12.67812684 -13.03282819
  -3.53452007 -24.98422862 -17.76406263 -25.30522227 -15.60003258]
bestFitness: -1.0906848808238783e+28
step6
cromossome: [-20.34326077 -20.49609735 -14.48325693 -15.28680245  -4.79634826
 -28.9814851  -24.3607881   -4.31024866 -23.23726436 -25.62056419
 -26.23273073 -14.73457872 -15.43077169 -21.30441129 -20.73453709
 -20.67839918 -14.9689052  -12.39975886 -29.38068267 -26.14203131
  -9.57215911 -10.95581916 -17.60744218 -18.5428926  -29.81965636
  -8.51638375 -15.99497788 -16.65047741 -23.69136274  -7.75669455]
bestFitness: -6.4069379215652615e+37
step7
cromossome: [ -7.71744752 -21.6319223  -17.383006   -24.54224429 -24.37019518
  -5.43433779  -1.64861953 -22.91106208 -12.36531686 -17.34910887
 -18.05873441  -4.14260122 -12.70255108  -3.18540478 -18.01141231
 -28.62484185 -15.74765228 -18.17759969  -3.90058411 -13.73206327
 -13.79066263 -20.70870008 -15.12309617  -6.77053602 -18.86300384
  -9.28571971  -5.86278055 -20.41610354 -24.87334247 -14.90273725]
bestFitness: -1.4501498343032696e+23
step8
cromossome: [-12.39746428 -20.39569929 -23.82363215 -27.84868799 -20.86454506
 -25.32600079  -6.1577006  -29.96905438  -5.35791648 -14.844734
 -13.94609497 -28.20184008 -22.13776067 -15.9361485   -6.55941258
 -12.65313771  -5.25126002 -26.28188755 -15.07483785  -3.07355655
  -0.60067102 -22.5797822  -27.69950317 -21.430962   -20.91747578
 -22.42187429 -20.01046042  -7.7378531  -23.23275647  -0.68669679]
bestFitness: -2.5606134773589954e+35
step9
cromossome: [-14.81021431 -32.15103935 -16.43661148  -7.21619479  -6.52823913
  -8.04915161  -9.61866278 -16.95838      4.09654109 -22.59349744
  -4.8089312  -18.01287872  15.54133823 -12.93767796 -20.27993765
 -14.88853014   8.94550586  -4.57437153  -5.83638143   3.10841361
   0.95207842 -16.73250095 -20.40539332  -9.75333669 -29.72831565
 -17.08886077 -20.60456245 -30.41063857  -6.50093812 -20.80512915]
bestFitness: -4.35581669366298e+21
step10
cromossome: [-11.8238719  -14.71460754   2.41464174  -5.40091665   4.90814677
 -16.55724255 -18.82526137  12.78183034 -20.8214773  -12.13460193
  -3.86319878 -10.38312987 -11.38588278   9.10257591   2.61883316
 -14.76613033   7.61704647   0.31555161  10.27729738  -8.88598793
 -12.86130002  10.88686853   0.17071264  -8.3922733   -7.82972649
  -4.37095288  -1.32253702 -21.91640233  -7.46660714 -10.58756236]
bestFitness: -187.13077
step11
cromossome: [ -3.15574715   1.77337078  -6.38261098  -7.77455281  -8.73099686
 -18.43723261  -3.04686646  -4.26486328  -9.90828782  -7.65754428
  -8.75801767  -0.91629479   5.80511933  -3.85074119 -13.76615961
 -19.2377594  -16.12853283   0.16248816  15.15253975 -18.77026376
 -13.77009979  -8.81037101 -12.34874966 -12.75180074   3.24937897
   3.68916111 -12.53296599  -8.50979424  -5.46663573   1.34751207]
bestFitness: -0.03858
step12
cromossome: [-14.08779078   6.91990359 -28.33125859 -18.37237201 -12.44748608
  -8.61188152 -17.93497414   1.54590584 -11.30302993 -23.97548153
  -2.51573231 -12.44531676 -10.59057694  -8.05391592  -1.85923998
  -7.19145063 -12.25302295  -4.89407935  -1.37720435 -11.46686967
 -23.44353909 -12.23436026 -29.13063071  18.81041552 -27.83545304
  -9.57617969 -13.56557928  15.43353174 -17.79387918 -22.38486016]
bestFitness: -3.2039606936319144e+19
step13
cromossome: [-23.14943846 -21.45872699  -8.53095799 -11.14704016  -7.0042071
 -15.16582931  -8.3024322  -20.62940146 -21.68952222 -23.77195838
 -23.97720881  -3.4797091  -23.53726126 -17.65780546  -6.29845724
 -12.57657028  -7.75980139 -11.3938013   -1.90760686  -6.6700419
 -13.48745239  -9.71411478 -11.15788617  -1.72357761 -13.44554939
 -10.27081853 -22.31462464 -26.80043897 -12.77579349  -3.68256049]
bestFitness: -1.506130642057926e+18
step14
cromossome: [ -5.43348138 -16.69480637  -6.8901394   -7.09376214 -13.70427608
 -23.83466184 -25.86912269  -1.20484743 -12.73882793  -1.94250584
 -26.30756715  -9.70196664 -28.57198904  -5.50721043  -3.6029341
 -22.89716235  -0.48635176  -4.24731507 -21.85517016  -5.8132502
  -8.45780444 -29.03935413 -12.29403372  -5.9144408  -18.49700283
  -0.39973825 -17.56265447 -22.19077365  -4.87843256  -2.8083451 ]
bestFitness: -9.883581319318477e+16
step15
cromossome: [-27.64288078  -7.87142107 -19.60620403 -25.10851843 -25.69050019
 -15.02401848  -5.07162583 -18.69027937 -10.72798529 -23.08894031
 -21.81718415 -10.03381124 -12.41528086 -15.14154702  -0.57427596
  -1.26900489  -7.99652169 -19.11354724 -23.41303059  -9.91357685
 -26.48773086  -7.80993178  -9.14322807  -6.38447318  -5.42072299
 -10.8156667  -13.80409424  -7.7496931  -26.9123503  -26.20065586]
bestFitness: -1.7420714156998048e+24
step16
cromossome: [-26.39636343 -10.8860368   -6.02660718  -3.54589663  -6.93730299
 -18.79818832 -11.16163114 -28.62472478  -2.96429788 -27.33885706
 -18.72470041 -18.345116   -25.46741403 -10.10783663  -7.11835067
 -15.27446888  -7.8925875   -3.50509546 -21.48950015 -11.62532523
  -6.29565188  -8.00866198  -8.12989255  -6.45177063 -17.86164037
  -4.16483217 -28.64646422 -22.98902226 -15.1743717  -18.33214169]
bestFitness: -6.01542258778332e+21
step17
cromossome: [ -8.04854333  -0.61072393  -6.22166081 -28.22439947 -19.17951377
 -20.53927499 -16.27559501 -10.78870565 -28.15250131  -9.74199495
 -13.62783145  -6.8746518   -6.36466047  -6.11431459 -14.13341421
   0.08129853 -20.8402186  -17.18906182 -26.70984094 -20.3294298
 -17.50904353 -23.83349472 -28.49301794  -8.26199251 -12.3180148
 -23.92832758 -27.6460124  -16.91875697 -25.11214419 -11.27065996]
bestFitness: -1.4280133053240583e+30
step18
cromossome: [ -6.54081924 -26.04762428 -21.60835575  -9.15085059  -1.22760573
 -16.7524452   -6.28621252  -7.37311255 -19.91496668  -5.51292422
 -18.58159051 -27.00334172  -5.13617964  -1.10894432 -21.55759109
 -26.83784149 -13.69407178  -6.21690299  -8.15440661 -12.02151089
 -29.60587243  -7.56614993 -23.80928636  -4.17103997 -10.62311455
  -3.49205308  -2.78443238 -12.81538823 -21.70415216 -16.30911351]
bestFitness: -3.2427332137059574e+19
step19
cromossome: [-2.25224445e+01 -6.72450116e+00 -1.27337220e+01 -1.07262703e+00
 -2.55922945e+01 -2.44801678e+01 -8.19937616e+00 -1.84880803e+01
 -2.56636337e+00 -2.87476949e+01  5.84265310e-03 -1.24076859e+01
 -2.29971528e+01 -5.17587598e+00 -2.61116660e+01 -1.32436472e+01
 -7.10056476e+00 -2.78119254e+01 -8.76770424e+00 -8.04689968e-01
 -1.55962318e+01 -1.01299959e+01 -1.36377184e+00 -3.15990851e+00
 -1.79079452e+01 -1.84373655e+01 -1.28729428e+00 -1.49040733e+00
 -2.81335635e+01 -2.82798996e+01]
bestFitness: -1.0716857129723657e+24
step20
cromossome: [ -4.90794229  -1.49086083 -23.57181645 -21.08946047 -37.76809681
  -1.79983409 -11.69320094 -14.63439715 -26.97731572 -31.97109499
  -4.58244772  -7.15808648 -22.77469628  -6.63343472  -4.98801672
  -8.02152565  -9.78050613   1.56679664 -20.5489062    3.62503285
  -6.04992016 -23.90340862  -3.8884023  -31.47863162 -14.26709539
  -3.27883039  -4.13098349 -16.79418556  -6.07948907  -5.64191847]
bestFitness: -3.2213934222243774e+23
step21
cromossome: [-12.15727137  -1.32659854 -15.0442372  -14.5813347  -17.03070858
 -13.68937755  -1.14475235  -6.71839796 -38.39350607 -16.24536817
  12.68389368  -2.60303592   2.9490713   -1.03436918 -27.70297807
  -7.24928288   9.25663602  -7.32377698  -3.85359242 -11.51001931
  -6.51124662  -4.96007283   6.96155883 -10.78111622 -14.92025073
 -20.49551527 -25.34932903   0.33308627  -3.1199626   -9.37302278]
bestFitness: -447396175079.42053
step22
cromossome: [-6.72135141e+00 -1.54276003e+01  2.74825429e+00 -7.93549980e+00
 -1.36247770e+01 -5.96527831e-03 -1.58585820e+01 -1.59441700e+01
  1.32986156e-01 -7.53399180e+00 -1.18471442e+01 -2.22534908e+01
 -1.89330958e+01 -8.49704878e+00 -7.74772685e+00 -1.21483062e+01
 -1.57230811e+01 -2.74856412e+01 -1.62575758e+01 -2.56623808e+01
 -2.99169642e+00 -1.50328955e+01 -1.92564533e+01 -2.75709721e+00
 -1.55724771e+01 -2.32093850e+01 -9.66852877e+00 -4.56843572e+00
 -1.12843797e+01  4.13465369e-01]
bestFitness: -2483032729742.6797
step23
cromossome: [-28.08704843  -6.99952832  15.16877124 -32.47923332 -25.92592597
  -6.61469933 -15.7754157   -2.49783273   9.25887634 -18.88386958
  -5.37301076   3.51734569   1.66545512 -26.12499705   6.91148018
  -3.25105927 -31.48018002  -9.75479558 -12.78014332  -8.95385837
 -12.78398926  -4.44104521 -18.08907616 -14.31717759 -12.06172641
  -9.56887512  -9.17642197  -9.07561562  -1.66716277 -14.20735919]
bestFitness: -9.871186877999555e+16
step24
cromossome: [-22.13549476   0.56607202 -15.49184562  -7.95284205   3.54047515
   7.87962438  -6.53388244 -18.53602192  -2.38877882 -16.2766822
 -22.3791696  -25.87144837  -4.76237697  -6.7276238   -7.47395409
 -11.54014763  -5.66608843 -22.57230063 -13.04443853   1.45124358
  -9.90865424  -8.27338183  -7.17758839  12.31000424 -16.79223137
  -4.664165   -19.7876189  -12.14850939   3.43895734 -10.23028038]
bestFitness: -954677056.79694
step25
cromossome: [-12.82349907  -3.03570454 -15.98728598  -8.18676422 -29.38718013
 -19.35188643  -6.98765888 -23.27704454 -13.36079418  -6.37211646
 -30.90156428 -10.45538859 -24.49105017 -12.90264241 -34.34508592
 -10.53847627 -26.24156594   2.49070409 -18.6311646   -8.7073284
  -1.85580804 -12.81645984   2.32203128 -19.1762827  -14.00993967
  -8.12851509 -17.0242409   -2.05529542  -5.43779029 -13.98055773]
bestFitness: -1.44739168289548e+23
step26
cromossome: [  1.69985522 -28.47410513  -4.54625137  -6.13906109 -10.70441857
 -20.65201491  -2.55804005 -21.32228248   0.60175536 -25.08115768
 -17.9790296  -26.2157199  -24.90629347   0.07330318 -16.74547375
   0.28278489  -7.50060347  -0.7610086   -5.88138386 -26.77599715
 -23.0028741  -23.97302391 -26.70732772 -19.59991907 -22.31493049
 -28.11449779 -12.17672181  -5.88572039  -4.58964318 -17.8665349 ]
bestFitness: -3.1460887071308885e+28
step27
cromossome: [-21.45411797 -19.94433936  -5.47188933 -22.91759581  -8.13043436
  -1.98795489 -25.86811228 -11.88249824  -3.81042819  -3.35651519
  -2.01565423  -3.65774373  10.02001534  -5.81056397 -18.48838337
 -18.21210843 -11.97908371  -0.55936175 -16.16231624   6.11005378
   6.46462514  -0.90483439  15.71418583  -7.30129471   5.48366562
  -5.74320658  -0.62525889 -35.45400309  -5.24709256  -0.42137275]
bestFitness: -5274930783.31109
step28
cromossome: [ -4.17397205  -5.53925652 -29.06262299 -19.95652527  -2.40999763
 -18.19434306 -17.57894708 -29.03690425  -7.71359256 -28.77349647
  -4.68963073 -27.30815162  -6.31609166 -23.406093   -24.11264369
  -7.50720929 -15.37169466 -20.16994319 -26.83312393  -4.03830963
  -6.1722171   -0.72363944 -26.8150631  -22.61204019 -14.81688523
 -12.29323371 -19.1751114   -4.63913275 -10.38415807 -18.4999395 ]
bestFitness: -2.365117885736118e+29
step29
cromossome: [-28.40317498 -24.52609049 -29.13235546 -15.97639601  -9.89411444
 -21.62418642 -10.439666   -22.25014939 -19.60172727 -22.22445788
 -12.68698662  -9.32484881 -25.71765003 -21.42891862  -8.18548119
 -12.34109238  -7.45952089  -3.16911742  -8.34976205 -14.48607886
 -29.51631826  -8.49404876  -9.03957941  -7.66774748 -24.87282497
 -17.87573872 -28.21262846  -6.93272816 -28.2244375  -14.54538855]
bestFitness: -1.679587621595895e+33
step30
cromossome: [-23.76512049 -26.13727236 -25.19660538 -19.32918428 -11.81168737
 -26.42912677 -28.01141413  -2.62246186 -19.59588987 -21.5975027
  -0.03266372 -17.71567478 -20.79014986 -17.73046161 -14.22274096
  -9.04364566 -16.34368261  -4.380885   -14.9645241  -12.00454808
 -11.06693616 -17.58707608  -4.41445396 -23.51353038 -17.23085154
 -15.0599937  -11.73972497 -28.80321685 -16.59394776  -3.61637254]
bestFitness: -2.36937057317793e+29
==================================================================
[-1.7558555834531966e+24, -1.414228314162373e+30, -16668.13092, -541423159468467.94, -1.0906848808238783e+28, -6.4069379215652615e+37, -1.4501498343032696e+23, -2.5606134773589954e+35, -4.35581669366298e+21, -187.13077, -0.03858, -3.2039606936319144e+19, -1.506130642057926e+18, -9.883581319318477e+16, -1.7420714156998048e+24, -6.01542258778332e+21, -1.4280133053240583e+30, -3.2427332137059574e+19, -1.0716857129723657e+24, -3.2213934222243774e+23, -447396175079.42053, -2483032729742.6797, -9.871186877999555e+16, -954677056.79694, -1.44739168289548e+23, -3.1460887071308885e+28, -5274930783.31109, -2.365117885736118e+29, -1.679587621595895e+33, -2.36937057317793e+29]
Variance: 1.3679373434536328e+74
Average: -2.1442374503024502e+36