==================================================================
step1
cromossome: [ 1.52805568 -2.66815074  1.34536173  3.44370848 -1.34121597 -0.62008965
 -1.33898156  0.47392052  0.27804171 -1.094454   -0.35639947  1.01261684
 -0.57995281 -0.0453623   4.12318662 -3.07676299 -1.37664275  0.06156905
  0.12581635 -0.35399346 -0.99191231 -0.39221926  1.37586661  0.89062604
 -2.96226519  1.93824571 -0.33144638 -3.38785315  2.06194893 -0.07491447]
bestFitness: -0.99051
step2
cromossome: [  0.17338625   2.63722086  -5.26162713  -2.72611345   8.28191087
  -3.80513635  -7.96484512  -2.44428091  -5.15239224  -5.73508059
 -11.7645499    0.40410802   1.5153572    3.92682249  -1.77604411
   0.0902478  -14.0090714  -19.39199294   6.19313855  10.91481551
   3.88074197  -3.61411425  -1.57900256 -10.16262794  -3.26113332
  -6.33470887  -4.40655526   5.71813015   1.92657293  -1.36938936]
bestFitness: -0.99995
step3
cromossome: [ 3.36409585 -3.99815675  1.90224367  0.62137781 -1.160363    0.85727583
 -1.16720101  1.96161881  1.35965197  1.15663974 -0.52120047  2.65600981
  1.04703445 -0.78176746 -1.14601135  1.39900657 -1.72232757 -0.14374999
  1.76869834 -3.27907713  0.81861799  1.77303808  0.5127167   0.6071873
 -3.63079827  0.34063062  0.17358827 -1.15360906  0.50912879  0.68990671]
bestFitness: -0.99051
step4
cromossome: [-0.36374611  2.09611287  2.70784992 -0.11710497  1.64810374 -2.46617879
 -0.43836181  0.45099428 -1.11447199  2.43070566  0.75070545  0.71720403
  0.20285891 -3.10566614 -1.41446115  0.98995759 -0.51391401 -2.10077435
 -0.63163696  3.15165757 -1.9680137   1.87674781  3.08811703 -0.55797255
  2.86045747 -0.32453004 -1.06716381 -2.0400513  -0.62918122 -1.61226895]
bestFitness: -0.99051
step5
cromossome: [ 3.06820829 -2.92243783 -2.44016441 -0.65471369 -0.37960282 -0.83009076
  0.9133812   2.04519936  0.47803194  1.27168802  1.03212112 -1.02376263
 -0.46913169  2.34032145 -0.56890616  0.38344054 -1.97116051 -1.80572649
 -0.18971776  3.48271458  2.72366598 -1.26257839 -2.30673788  0.61258351
  0.11547667  2.73790532  0.17940296  0.83361992 -1.71733912 -2.29695685]
bestFitness: -0.99051
step6
cromossome: [-14.75396199  -5.55582609 -14.58031598 -14.27897766  -5.54129902
  -5.39044603   9.05086937  -7.21219842  -4.79395013 -14.12675233
   0.30884068  -4.60361387   3.99749763  -6.59219364   6.45609292
 -17.32926089 -12.40216438  -7.19712292  -5.59751628 -23.15747748
  -6.0511227  -15.16430353 -14.8828474   -2.28743219   5.73568286
 -24.8539938   -1.69621072  -8.94388764 -23.90680516 -18.07864086]
bestFitness: -1.0
step7
cromossome: [-2.01139359  0.75764644  2.14733542 -1.39010168  2.22792585 -0.69942661
  1.29667902 -1.83428319 -2.11117797  1.37704369 -1.34248065 -2.59363327
 -0.43459943  1.53045724  1.96981569 -2.42365573 -2.33342838  1.83447573
  2.09924655 -0.87681769 -0.39337343 -0.06814907 -3.27277139  2.15729291
  3.21688025 -0.20086474 -0.53948565 -0.86485355  0.43465653  0.91674646]
bestFitness: -0.99051
step8
cromossome: [ 1.75600361  1.25778172 -1.43048666 -1.15463378  1.7835199   0.99026699
 -1.84104481  1.71206683  0.53391175 -3.71368104  1.6516843  -0.13952457
  1.59373405  1.23349097  2.78656337  0.05736733 -1.10548343  1.7035356
  2.62146201 -1.02665631  1.3734442   2.16769444  0.56048191  3.9471251
 -1.65924126 -0.85775483 -1.5882525  -1.10793534 -0.37010461 -1.30800797]
bestFitness: -0.99051
step9
cromossome: [-4.15370023 -0.31586317  6.54309056  1.19792343 -0.63054163  3.21910337
 -3.1841534  -4.47344964 -4.96610289 -4.19505311  2.02162095 -1.58746136
  1.65059971 -0.75260534 -1.73499197  4.00931301  2.48032179  2.91943475
  0.8435825   1.31300909  1.72596437 -1.8693918   0.32052293  2.20832521
  1.029151    1.34908268 -8.21244932 -3.85356735 -1.39679798 -2.45897481]
bestFitness: -0.99897
step10
cromossome: [-0.90853509 -0.97642582  0.72088975  1.54449988 -0.73820551  2.18534181
  0.19885178  3.07285749 -1.42829839 -0.86139589 -3.04838659 -0.16798054
  1.73055982 -1.21789611 -1.79757101 -1.30362014  0.58827729 -0.17190938
  1.6539926  -0.84577185  1.23831132 -0.5336984   1.8944131   2.20164994
 -0.68573195 -3.63174382  1.54022738  1.55744643  4.13583609  0.55331259]
bestFitness: -0.99051
step11
cromossome: [-22.90212836  -2.8524763  -21.27487864   2.71618694   8.47207119
 -11.63150112 -14.2725879    5.77196642  -5.71912775 -14.21313546
  -0.80360758 -21.47267362 -19.79907218 -16.56086428   8.2279504
 -10.80779947  -5.02881093  -7.29006377 -10.81603915 -11.86280885
  -0.91421664 -15.93431798  -0.81588431  -5.99835899  -3.58533643
  -8.46375384  -1.66610106   2.32066329 -20.53736171  -5.22980079]
bestFitness: -0.99999
step12
cromossome: [ 3.40251592  0.50759544  1.49161238  0.05478927 -5.96809697  1.53981809
 -2.04025625 -2.85085052 -4.01881055  1.86070641  0.09874821 -0.60690248
  2.59475094 -1.62718771  1.63088703 -3.02578716  2.50330751 -1.05875829
  1.26244625 -4.45244835  0.17284328  4.52789139 -2.4189068   3.78483359
  3.69407441 -1.88185584  4.74298283 -2.08924749 -0.17633832  0.17481754]
bestFitness: -0.99813
step13
cromossome: [ -9.82022893  -6.21587537   5.1676601   -9.73224085 -14.91138372
  -5.40445676 -10.53816566  -9.30955088 -11.52639106  10.31188564
   0.78244324 -12.09574206   0.20933077 -20.09137082  -9.39427176
  -0.11077147   6.95307867  -7.08827282  -7.6779546   -9.72476028
  12.56326427 -10.95601824 -22.2280761    2.60989648 -14.71267623
 -15.34105206 -13.86843121 -15.62735119   7.56943076  -8.85631213]
bestFitness: -0.99999
step14
cromossome: [-1.52504443e+00  1.26326196e+00  2.52464479e+00  3.26411074e+00
  1.41535989e+00 -1.11050025e-01  1.35661600e+00  8.45870996e-01
 -4.70095640e-01  3.01027286e-01  2.32737611e+00  3.06895555e-01
 -2.57583458e+00 -2.09133818e-01 -1.84288422e+00  1.06551307e+00
 -1.32412664e+00  4.15181608e+00 -1.17098783e+00  2.59427578e+00
 -3.19788333e-01 -1.26743315e+00  1.81054855e+00 -1.45047259e+00
  2.61354395e-03 -1.78789009e-01  1.93121409e+00 -1.01786913e+00
  1.44616732e-01  3.04000804e+00]
bestFitness: -0.99051
step15
cromossome: [-2.64653206e+00 -3.04882462e+00 -8.06220586e-01  4.43746711e-01
  6.33803710e-01 -3.43515007e+00 -1.08159108e+00 -1.44419581e+00
 -1.93836051e+00 -9.31978042e-02 -4.61429493e+00 -1.08326892e+00
 -3.17477373e+00 -5.31678787e-01 -2.12545457e+00 -3.43963671e-01
 -1.05547968e-03 -2.20777245e-01  1.83488000e-02  3.93361501e-01
 -2.08443879e-01 -2.91553417e+00 -1.22655273e+00 -8.92793019e-01
  1.00964066e+00  4.00723950e-01 -3.11838862e-01  1.50862132e+00
  1.43339924e+00  5.57534215e-01]
bestFitness: -0.99051
step16
cromossome: [  2.05018786  -9.38681258   0.19456089 -14.17845255  -7.22496517
 -20.70273988  -8.44575643   7.505572   -10.61632168 -11.4816206
   6.5171175   -2.00023255   7.87308476 -13.14859296   6.45361796
  -6.24164809  -6.05517901 -15.00261705  -1.07952251 -22.12935188
 -14.90744245  -9.22627905   1.2490596  -19.6293114  -11.56912134
  -0.33024867  -9.59273308 -13.88125507 -16.08787357 -18.60867992]
bestFitness: -0.99999
step17
cromossome: [ 0.4733091   0.5905453   3.7321306  -2.00755864  1.8629759   1.95509248
  0.6175478   0.32085751 -0.84039325 -2.19167433  3.09496835  0.67216116
 -3.13397444  0.54912948 -1.97264986 -2.07543884 -0.71419935  0.95721153
 -0.77827018 -1.5637859   1.58559584  0.44055197 -0.47921966 -1.60608327
 -3.43999755 -1.00303703  0.09238603 -1.75128245 -1.23552132  1.78574472]
bestFitness: -0.99051
step18
cromossome: [ 2.07612216 -0.29019103  0.73851327  1.04111611 -0.61121106  3.11394117
 -2.7382401   1.44034144 -1.7621046   1.84284627 -1.16322894  1.85075916
 -1.85840513 -2.67977581 -1.8259196   1.54425351 -1.54731356  0.1928551
 -2.60055997  0.34659825  0.42457242  0.53688964 -0.00584587 -0.87610446
 -0.6268345  -1.05572255  3.37806516 -1.4178503  -1.86025791  2.92486227]
bestFitness: -0.99051
step19
cromossome: [ 2.83800587e+00  3.00126334e-01 -1.52371844e+00  1.03355384e+00
 -9.10039117e-01 -3.26516304e+00 -7.17024730e-01  1.40734411e+00
  2.55933350e+00  1.19756346e+00  1.65278298e+00 -2.50259553e-01
 -1.59142687e+00 -2.27882795e-03 -2.09544360e+00 -6.61261326e-01
 -5.99783661e-02  1.73111507e-02 -2.35631811e+00 -1.31515992e+00
  1.47374964e+00  2.87095386e+00  9.69873253e-01 -3.44854927e-01
 -3.43113359e-01  3.11413174e-01 -3.29365736e+00  1.91445498e+00
 -1.69058560e-01 -3.69092489e+00]
bestFitness: -0.99051
step20
cromossome: [ 0.23060565  2.9162794  -2.19242935  1.0284983  -2.0514312   0.90699708
  1.39137028 -0.65099588  0.36474639  5.97548257 -0.68023625  1.06852514
 -1.73747951  1.16001524  0.23981209 -0.35705027 -0.9520484  -0.35634993
  0.49344072 -0.60124514 -0.09176426 -1.75432982 -0.60491596  1.15178707
  2.20581832 -3.44505127  1.16038105 -0.57218245 -0.54963206 -1.36473592]
bestFitness: -0.99051
step21
cromossome: [ 1.56396556  2.39378787 -0.28116952  2.58426069 -3.32801547 -1.12795684
 -2.39384946 -1.88366316 -0.80878828  0.4071509   0.44287639 -0.93472946
  0.13178296 -0.9947432   0.16586495  0.63651394  0.33731783  0.59062718
 -2.04351267  3.25187203 -0.51059399 -0.79070944  1.03256039 -2.38695656
  0.07168478 -1.71143991 -2.17056494 -0.1406449  -3.19180647  3.19241599]
bestFitness: -0.99051
step22
cromossome: [-1.60650131e+00 -1.76427783e+00 -4.31264848e-01  9.52858171e-01
 -6.43704238e-01 -4.17607740e+00 -3.56898697e+00  3.58742384e-03
  1.86588634e+00 -3.64318527e+00  3.74110008e-02  1.10945080e+00
  9.08451906e-01 -1.68965194e+00  3.01459374e+00 -4.50525896e-01
  1.29433727e+00 -7.35202174e-01 -1.26878716e+00  8.45621444e-01
  3.13284909e-01  1.52764612e+00  1.14583873e+00  1.69587980e+00
 -5.84327738e-01  2.50307770e+00 -8.88643000e-01 -1.00092699e+00
 -1.48845479e+00 -8.40054954e-01]
bestFitness: -0.99051
step23
cromossome: [-0.63799716 -4.23414165  0.97253825 -3.68838362  1.55031929  2.83113999
  0.81810827 -2.90686889 -1.01339074  1.04576468  0.28187855 -0.57335227
 -1.39840525  0.02018847  3.30746543 -0.63899631 -0.66582352  0.9537627
  0.90421288 -0.91355215  0.20658741 -0.55753103 -1.66075485 -0.1624935
 -0.1942415   2.77678873  0.43304938 -2.34437528  0.65452611 -1.59316631]
bestFitness: -0.99051
step24
cromossome: [ -2.32434294   0.73497763  -4.57207839 -10.60899118 -11.056199
 -25.80722173  -6.22355718 -14.25187381   5.75572774  -3.83027143
 -15.47626063   2.61392128   0.0343098    0.19096503 -13.74888331
 -12.75247573   2.56116336  -2.6425102   -8.25230513   3.75171835
  -3.27955722  -7.01574152   3.94025595   6.76352438  -9.23514356
 -17.75676416  -2.00272815  -0.90237442  -5.48754776   4.35208315]
bestFitness: -0.99999
step25
cromossome: [-0.76327206  1.9623051   0.09935447 -2.11884524 -1.05317027  0.47301598
 -3.2512312  -0.0898452   0.7521625   0.86340766  1.1697131   0.17889786
  4.38379645  0.13759189 -0.68301131 -0.68502753  1.51465294  1.75896661
  3.03600229  3.27400227  1.44764866 -2.52121375  0.58585713 -0.8405846
 -1.65134029 -1.29670412 -0.68519464 -2.45289022 -0.68245685 -0.93937848]
bestFitness: -0.99051
step26
cromossome: [-0.99860735 -1.11293128  1.44652849 -2.23679229 -2.61205331  2.40032207
  1.64755521 -1.10049019  1.22274451 -1.57741792  1.59625749  2.1286784
  2.12829226 -0.50056776 -3.31639159 -1.57245703 -1.10716268 -1.33511018
  4.07306593  0.08240248  0.10619852 -2.32672359 -1.76037275 -0.10399899
  0.09228533 -1.1979019  -1.42782321 -0.49143131  1.77141315 -0.80037956]
bestFitness: -0.99051
step27
cromossome: [-1.44170691 -1.65483348 -0.81496338 -1.28456432 -0.22867    -0.21631742
 -2.15915171  1.48355232  2.24523733  2.23578157 -2.54697982  0.23974279
  0.23153189 -2.06823307  3.17878594  0.77795465  0.82135863  0.70353059
 -2.14579149 -1.68189286 -2.53366467 -2.5841635  -2.24203984 -0.86387659
  1.30937089 -1.93350823  0.3293454  -2.87458447  1.74941037  0.85023257]
bestFitness: -0.99051
step28
cromossome: [-1.80027721  0.17595969 -2.10254726 -0.15208003 -2.08205282  1.91054595
  1.39645875  1.33569948  0.34942057 -2.50818449  0.86971049 -0.60745627
 -0.67076309  0.26633094 -2.34035062  0.92209217 -0.50156468 -3.16719365
  2.75910898  0.25290127  1.60971758 -2.34192167 -2.09804289 -1.64068952
 -0.78145521 -0.92169375  0.88987128  2.47997428 -1.21777278 -3.73646208]
bestFitness: -0.99051
step29
cromossome: [-1.81640095e-01 -1.49347307e-02 -5.55265123e-01 -1.38769644e+00
  2.42840733e+00 -2.59763301e+00  7.42715512e-01  2.20856680e+00
  7.63456555e-01 -3.72299042e-01 -8.52957643e-01 -2.87579979e+00
  1.71979353e+00  2.16246106e+00 -2.42866487e+00 -2.36495845e+00
 -7.02342013e-01 -4.44054359e+00  1.90539830e+00 -2.17500193e+00
  2.48748535e-01 -1.26143501e+00 -8.65436926e-01 -1.27356068e+00
  1.24818173e+00  1.15867463e+00 -2.19412273e-03  2.20820134e+00
 -9.94290102e-01  5.07399899e-01]
bestFitness: -0.99051
step30
cromossome: [ 2.4593773   0.51996003 -0.51619115  1.56747082  0.04500513 -1.75940517
 -0.59454769 -1.98679555  0.34851045 -2.53583878  0.85099709  4.58772706
  1.63495131  1.13423094  0.59115663  0.57557579 -0.80582952 -2.55699311
  3.13897996  1.0471108   0.12615829  2.19440823  0.22432653 -3.00859925
 -1.19427178  0.91546035  0.07591984 -1.83301929 -0.98082519  1.65255645]
bestFitness: -0.99051
==================================================================
[-0.99051, -0.99995, -0.99051, -0.99051, -0.99051, -1.0, -0.99051, -0.99051, -0.99897, -0.99051, -0.99999, -0.99813, -0.99999, -0.99051, -0.99051, -0.99999, -0.99051, -0.99051, -0.99051, -0.99051, -0.99051, -0.99051, -0.99051, -0.99999, -0.99051, -0.99051, -0.99051, -0.99051, -0.99051, -0.99051]
Variance: 1.6930981723743736e-05
Average: -0.9929410000000003