 ==================================================================
step1
cromossome: [ 2.31903145 -5.93650744 -3.60829613 -4.77042399 -4.97070938  0.51102137
  0.81206115 -1.1985154  -5.83695154  3.30712283  7.62284648 -4.24705241
 -2.59567542  4.99811484  1.72755507 -4.39841061 -6.84729806 -1.87412262
  1.47473102  6.57525103  0.82449614 -6.84552907  7.85296311  3.71206945
 -2.22299255 -3.20023869  0.68798813 -0.60406478 -4.0395766  -2.70293324]
bestFitness: 312.31785
step2
cromossome: [-2.39098913 -2.76841244  0.30527217 -1.96852596 -1.45626891 -4.60505368
  4.27118142 -5.78216112  1.32992533 -1.60040284 -3.25882894 -2.96149493
 -3.13286494 -6.98471383 -6.79341401 -5.97817981 -7.79477164 -4.53284463
  1.04607308 -3.00171653  0.30013424  0.6395082   0.87196798 -2.34646107
  9.01535391 -4.53716251  3.48947664 -2.35370084  2.93993474 -7.35828585]
bestFitness: 312.31785
step3
cromossome: [-7.36960464 -4.8782958  -4.38194729  5.28076874  4.08832188 -4.82312198
 -7.39770375 -0.46032977  4.83425699  1.50997413  2.66861594 -2.59062063
  1.04998968  2.25314899 -2.85177258  4.99987699  2.83882785  2.22823943
  0.85414971  1.72905696 -4.27507333 -3.57734247 -0.4381388  -2.25370053
 -1.49835359  1.97766141 -3.30963003 -0.83568484 -1.09463546 -6.8416081 ]
bestFitness: 184.99492
step4
cromossome: [-3.48012151 -1.18613832 -8.08374754  3.17235447  4.77953263 -6.11428614
 -2.34371434  0.69046227  1.73376653  2.64591091  4.61821298  1.59657422
  4.04703834 -6.49945218 -5.63071193  2.24589474 -4.9257847  -2.68356543
 -0.05682171  3.06624356 -1.35276594 -0.77477681 -2.91077565 -4.58595689
  0.74659664 -4.19625787  8.30143621 -5.4177802   0.20774242 -1.95015959]
bestFitness: 244.67977
step5
cromossome: [  2.24265205  -2.43971671  -0.71719877   0.89522016   2.90674254
   4.50957192   6.83050332  -2.98506639   4.91120891   3.38146562
 -10.85237343   0.34107612   0.74328174  -5.20513613  -4.72624612
   1.72275203  -1.34466033   0.09396125  -7.57893904   2.93695813
   2.06374804   0.35433782  -6.05279766  -2.50895496   3.20917306
   1.80158093  -1.41584099  -6.44312791  -1.28437005  -0.71204413]
bestFitness: 244.67977
step6
cromossome: [-5.11680796e-01 -1.39643664e+00  5.32491647e+00 -6.36295341e-01
 -2.01283997e+00 -1.22541513e+00 -4.38511856e-01 -1.92742058e+00
 -4.84980903e-01  9.79940838e-01  2.20724959e+00 -2.43126057e+00
 -7.08557581e+00 -4.11657137e-01 -8.18485332e-01  4.20622079e+00
 -1.21567812e+00  5.11378675e+00  2.47012535e+00 -2.56884660e+00
  1.63511310e+00  3.63251524e+00  5.49303775e-01  1.87877628e+00
 -3.10742821e+00 -7.78106151e+00 -3.15506007e+00 -5.32656744e-03
 -1.92115797e+00  1.89653230e+00]
bestFitness: 70.5889
step7
cromossome: [  7.59194173   1.69268486   2.01466785  -6.19300884  -9.07000149
  -0.37923207   7.55539896  -2.22666602   3.86137114   3.76738404
   2.76556407  -1.33456575 -11.83147092   1.77354449  -2.89689645
   1.58527634   1.67252518  -3.71189092  -3.71111351  -7.12547546
   1.39726934  -6.89669036  -5.01696196   1.69200298  -2.44493454
  -1.69812201  -7.31192746   3.68909853  -1.95831478  -2.78104411]
bestFitness: 516.19142
step8
cromossome: [ -1.13979873  -3.13387582   0.44914507  -0.71055866  -4.82545744
   1.46962788  -2.18971046  -0.93870189  -3.57048092  -5.54724326
  -7.55388997   2.26525169  -5.74157725  -7.14929646  -8.28007144
 -10.65904762  -3.34137138   0.16966593   1.74156806  -7.20255439
  -6.99112944  -1.84587169  -8.27693054  10.683952    -6.71687855
   0.17019611  -3.25935526  -6.03651878  -5.19853222  -7.67135757]
bestFitness: 884.94973
step9
cromossome: [ 0.36563325 -4.5980561   5.10778509 -9.37970195 -3.71579001 -1.67629251
  4.55052961  0.33578479  1.43431151  0.39480026 -8.9977165  -1.83120165
  5.92731837 -1.97275508 -4.45885494 -0.80069019 -3.65425809  3.98433805
 -0.66854083 -1.78142927 -1.16759319 -3.99199295  2.00830951  0.67079372
  1.64355482  1.34263691  3.06066894  1.16772231 -0.06468107  5.39276838]
bestFitness: 184.99492
step10
cromossome: [-3.53310966 -2.8726726   2.20824664  1.94094375  2.08125566  1.42186518
 -2.83167391 -4.1713204   0.22341786  0.47428818 -1.21888831  2.26730104
 -2.47767443 -0.53301006 -6.42782654 -5.27313917  1.31753665 -0.7846462
  7.72146013 -1.72114651 -0.84882892 -2.409798    2.74376628  7.93741447
  1.91381904  0.8297657  -0.27274969 -8.84624269 -5.39984885 -7.08563271]
bestFitness: 213.84307
step11
cromossome: [-3.41196659  3.74299845  3.59662157 -3.52876131 -4.17744286  0.87071734
 -6.12320578  4.07546888  2.25756174 -4.75020282 -2.70226601  0.9861942
 -5.19204522  3.26628304  3.9726407  -7.30261917  2.46421303 -7.1394379
 -1.40792146 -8.23113137 -2.76385328  0.9265382  -2.26130525 -4.72777076
  0.65762701  1.02236531 -0.56286518  1.87393239 -2.64203286 -2.56642682]
bestFitness: 213.84307
step12
cromossome: [ 0.231089   -3.82724555 -0.3584727  -8.32124191 -0.96636475 -0.33851857
  2.82807157  3.81696257 -3.71954252 -1.23977008 -5.47146729 -2.63763252
 -3.36217634 -0.10892716 -2.89490597 -1.22699382  4.16525217  3.73853818
 -1.13702091  2.28617169 -1.69719326 -4.27780681  3.70164543  1.3179204
  1.04145164  2.23407986  0.71993329 -3.30950289 -4.72400582 -1.72546468]
bestFitness: 89.49162
step13
cromossome: [ 6.13408153 -0.38372124 -4.3201819  -5.94594111 -7.10117911  1.37108686
  4.20329948 -4.91199631 -2.31405926 -0.7135021  -2.13209796 -2.33243646
 -4.79621383 -5.29074231  6.66750507  6.47986964 -4.58841985  3.07032764
  1.18210479 -5.46903959 -0.22649856  1.8225389   0.06396884 -0.59205691
  3.87297888  5.84212337 -1.31073844 -3.37254747  1.73423675  2.74465717]
bestFitness: 244.67977
step14
cromossome: [-3.00983365 -1.59236791  1.16387482  5.41247499 -1.84556145  0.58335696
  3.03388636  6.62416395 -2.29047293 -1.09484469  4.3550788   3.09697566
 -5.05097814  2.60028122  0.45271967  5.13466352 -2.11456716  0.45822378
 -2.03454847 -0.2783039   5.85971125  0.25898887 -4.47213843 -0.85143556
  1.05401432 -0.6723952  -1.3405385  -0.72671598  1.60553169 -2.28177156]
bestFitness: 70.5889
step15
cromossome: [-0.41898658 -1.94017987  9.53909808  1.40644918 -5.43160415  0.79863731
  1.88124515 -1.24781088 -2.54682816 -1.0203291   2.3106264  -3.07063013
  0.67011944  4.48495258 -1.68064339 -0.01736818  0.36004718 -0.76325686
  0.37009487 -2.14113699  1.0722521  -9.2419245  -2.79619877  1.84949461
  3.62313807 -1.99251351 -3.24883209 10.37317019 -0.92893993 -0.78801173]
bestFitness: 184.99492
step16
cromossome: [ 2.48847444 -0.01169444 -1.02040468 -4.0288746  -4.87182914 -0.33624356
  2.51157657  1.55499303 -1.71650761  0.84750655 -7.02548287  5.06138125
 -2.00263134 -1.51947601 -4.46795707 -5.15897176  0.44161469 -1.67262658
  0.37865266 -0.65623834  0.79264884  4.06846762 -1.19822567 -5.35135317
  0.95574195 -3.03580373 -2.61560367 -6.26852459  1.3238878  -1.430798  ]
bestFitness: 89.49162
step17
cromossome: [-0.24477204 -3.72630916  2.90160532 -4.91492895  0.11627378 -1.80241497
  2.01315945  3.6637919  -0.54352231  2.94631015 -2.27182511  5.33036117
 -0.76386156 -2.18317488 -1.15251345  0.51214287  2.28378506  3.18723031
 -5.67777448  0.56404646  1.20782876  1.85945967  0.59972341 -3.61741257
 -0.01788308  2.24672972  5.51047799  1.40419506 -1.57513065 -3.98366866]
bestFitness: 53.67566
step18
cromossome: [-4.52459028  2.55367188  0.55028879 -1.6739948  -4.38504834 -3.08339722
  0.95413706  0.10002782  8.94576549 -1.05174804  0.71508344 -0.82765271
 -6.25472573 -0.44532151 -8.31516029 -2.25193962 -3.92543634 -3.29335569
  0.51222557 -2.87066307  3.1073689  -3.11500252 -8.63039156 -5.52252799
  2.62138968 -0.03840871  2.97852798 -6.37523179 -4.93676493 -3.43669142]
bestFitness: 277.50479
step19
cromossome: [-1.72734878 -0.41828688 -1.40544773 -4.65927789 -2.07743174 -1.53691527
  1.67416881  4.44980832 -4.70970234  3.86319181 -0.41491921  5.5749888
 -0.89763117  3.19022166  3.16189377 -0.76868125 -3.96416887 -2.48203478
 -2.50667021  4.43346293 -0.81435541  2.04403294 -2.19025407 -0.21488016
  6.04216228 -1.98739794 -0.38485191 -0.16160825 -9.12218028 -0.94991526]
bestFitness: 110.38372
step20
cromossome: [-3.88158455e+00 -3.57377749e+00 -1.59113815e-01 -2.99723309e-01
 -1.39381493e+00 -8.79792141e-01 -3.78251287e-01 -5.51494435e+00
 -2.02561535e+00 -4.16704143e+00 -3.66496842e+00 -2.51013604e+00
 -3.81611772e-01 -2.79610433e+00 -3.63639333e+00  3.31285412e+00
  3.90722605e+00  1.33191245e+00 -1.84270110e+00  3.19495096e+00
  1.22869288e+00 -5.85092901e-04  6.13037811e+00  2.78133385e+00
 -8.73245387e+00 -3.74988894e+00 -3.77206618e+00  1.52503389e+00
 -2.26133409e+00 -7.99548715e+00]
bestFitness: 158.13552
step21
cromossome: [-3.83988185  1.70969213  0.45328763 -6.52811233 -3.30291142 -4.38545035
  0.24318176 -0.66744759  3.13894712  0.67263209  1.26275455  1.41925989
  4.70488602 -0.1756521   0.93255964 -0.81634598  1.84422472 -0.29899228
 -2.72708933  2.46581408 -4.34894647  7.00742865  2.62635984 -2.36125836
  4.79530947  2.20892133  5.9118354  -3.0634024   0.03489978 -0.02347744]
bestFitness: 89.49162
step22
cromossome: [ 2.65047518  7.00894857 -0.0390884   1.5812303   2.15757328 -3.70354953
 -0.37853458  1.40492246 -1.25036823 -5.4861131   2.76760832 -4.14641623
  1.44421563  5.19345932  0.79869127 -3.71713476  0.22146317  5.55744055
 -0.62163442  6.05396144  2.68030317 -7.86010896  2.36789713  2.74858323
  2.27931092  2.24182344 -1.10206842 -7.94250814 -0.02278301  3.74469374]
bestFitness: 184.99492
step23
cromossome: [-3.02108046  6.77997524 -2.87027275  0.85773749 -4.50791443 -0.11741374
  2.65873039 -4.65829126  0.71178536  0.57954953 -3.78108414 -6.40374184
 -4.67909676 -2.84864732 -0.21838891 -7.16038713  0.87191945  3.71783974
  4.58536105 -1.55486636 -0.09058385 -6.58629563 -2.11682051 -1.09649061
 -0.57462738  5.61232656  3.11294892 -3.23872298 -4.3727915  -2.9889426 ]
bestFitness: 184.99492
step24
cromossome: [-3.65007203 -1.51107751 -4.89068537  2.53240136 -0.28752211  1.49208461
 -0.84934211 -0.09138333 -0.94670006 -3.17418523 -3.68920596 -2.82879058
 -0.81285672  1.55840101 -2.8673004   0.52503668 -4.84137264 -5.96499913
  4.49395178  1.07426138 -3.36184645  2.1384546   1.00325794 -5.47004695
  3.62491758 -1.21397096  1.38002719 -3.57817319  3.14156559 -3.01810862]
bestFitness: 70.5889
step25
cromossome: [ 0.62751034 -1.11243781 -1.54804297 -1.43378431 -0.38369644 -1.80160527
  0.4408562  -3.76410454 -2.97262571 -3.54925747 -0.85894302 -0.46255474
 -2.35786847 -5.34170723  3.94373657 -7.64153605  2.80174695  2.80058433
 -2.94810093 -7.01841257  2.20624066  4.8770887   7.13385967 -4.69521564
 -1.89814795 -3.43093341  1.48096228  1.0920321  -6.30188098  0.05708411]
bestFitness: 158.13552
step26
cromossome: [ 5.34885170e+00 -4.03922776e+00  4.45036241e-01  1.27836840e+00
 -7.39052795e+00  9.72164220e-02 -9.49882407e+00 -5.24930057e+00
  1.59055791e-01  2.79455881e-01  2.76497952e+00  5.75151019e+00
  5.44740001e+00 -6.79802042e+00 -4.01678471e+00  3.27271159e+00
 -1.27177209e+01  8.00258946e-02 -1.62888994e+00  1.35625695e-02
  2.56253991e+00 -3.95220458e+00 -2.55626562e+01 -2.43697815e+00
  6.64704346e+00 -3.94940925e+00  6.12255794e+00 -3.63620256e+00
  1.08611703e+00  1.43664359e+00]
bestFitness: 1934.92908
step27
cromossome: [ 4.69385669  1.40880201  0.92575783 -3.38948731 -0.02731057  6.79963315
  3.21117111 -0.34589344 -0.28876633  2.08873186  5.73082712 -0.58562665
 -0.32411146  1.18658932  0.63691407  1.05293541 -7.13716536 -1.20369339
 -1.18509542  3.1571637  -0.53041991  4.5918405   1.79903541 -0.29501052
 -6.80188871  6.19415346 -3.35995596 -3.2820308   2.32427457  4.88914467]
bestFitness: 133.26507
step28
cromossome: [ -0.69465208   3.29530812  -0.92791454   4.33546423  -1.71910076
   2.79912152  -5.71146633  -4.53355757   4.39734916  -4.32120613
  -2.47560055  -5.0522115   -3.84752828  -4.22781109   0.89595037
   2.81860076  -1.73248383  -3.18258541  -5.56836346  -3.51265662
   6.63369175  -2.27601124  -0.88460907   1.93310571 -13.40335325
  -4.86541635  -1.2691847   -3.20041364  -2.09252596  -1.14800678]
bestFitness: 312.31785
step29
cromossome: [-2.49246045  0.61230607  2.82716191 -3.87422003 -1.8099999   5.85475164
  5.21432167  4.69922377 -6.84839358  0.14799789  0.98378904 -3.46457667
  2.73831931 -3.59741023 -0.28906974  1.45470312  2.4617291  -3.9248167
  1.9800872  -2.12197172  0.44813687  2.56638976  0.33225215  1.25399329
 -1.23045701  1.23876949 -1.21575701  1.1609874  -0.34627333  5.03179165]
bestFitness: 70.5889
step30
cromossome: [ 0.95831042 -0.57407865 -1.987977   -0.62036801 -5.11323895 -6.61406318
  0.6980208   4.64717816 -7.46502265 -2.29463099  3.0000843   4.41851162
 -0.44219866  3.54681733  4.33041521  2.07882726 -6.13813131 -0.45335935
 -2.13940455 -3.43050396 -2.20166039  2.01450908 -2.0083533   3.97254373
 -5.56707108 -2.99576437  4.93329615  1.33127044  3.97158232  0.50198955]
bestFitness: 158.13552
==================================================================
[312.31785, 312.31785, 184.99492, 244.67977, 244.67977, 70.5889, 516.19142, 884.94973, 184.99492, 213.84307, 213.84307, 89.49162, 244.67977, 70.5889, 184.99492, 89.49162, 53.67566, 277.50479, 110.38372, 158.13552, 89.49162, 184.99492, 184.99492, 70.5889, 158.13552, 1934.92908, 133.26507, 312.31785, 70.5889, 158.13552]
Variance: 125697.08602758685
Average: 265.3263363333333