==================================================================
step1
cromossome: [-2.37726659 -2.5024868  -2.07030497  0.29567753  2.06933066 -0.24117756
  0.87960118  0.26576672  0.01835936 -1.33447129  1.26254483  1.7588151
  1.40613391 -1.98231735  3.11064384 -0.81737025 -0.2411711  -0.81030711
 -0.57244331  0.44776355 -4.39560797  0.03862526 -0.70655075 -5.46535796
  1.71225539 -1.33850948  2.94990317 -2.52447859 -0.28390119 -0.24556754]
bestFitness: -0.0
step2
cromossome: [-3.91551902  0.21851444  0.40398703  4.67590044 -3.37203874 -1.52138676
 -0.29955643  3.02938082  0.29734947  2.16386574  3.20021874 -0.12917385
 -0.90982984  2.11475338  0.53972331  2.38876925 -0.61955101  1.27437478
 -1.12714383  1.60000476 -0.07842314  3.24578333  1.33730373 -0.25275657
 -0.88657904 -2.04957929 -0.07089793 -1.97407266 -0.0443193   1.04322788]
bestFitness: 0.0
step3
cromossome: [ 0.2304526   3.42223723 -0.26799282  0.90602833 -0.44087642 -1.39395772
  0.73065278 -2.33703784 -5.04659838  0.54684623  0.56314433 -2.68810865
 -0.96564835 -1.59094687  3.68685646 -1.41528149 -1.90516575 -3.41545501
 -0.65634264 -0.90747763 -1.16304093  0.38043343 -3.00138254  1.87282913
 -0.54164698  0.48042546 -1.32561163 -0.61267915  2.82444448  0.99144132]
bestFitness: -0.0
step4
cromossome: [ 5.56436278 -0.85428294 -0.40254603 -2.20892911 -2.44968135  1.40896519
 -1.95882451  2.64544438  0.84808526  0.58512143 -4.25741845 -0.51950552
  0.46550399  2.66998554  0.35970424 -0.41023263 -1.16687485  0.11276121
 -2.02364075  1.03760338  0.89831447  1.61441568 -2.21562464  0.73646318
 -1.52103539 -0.20894443 -0.87959707  0.21299717 -0.87199934 -3.63053996]
bestFitness: 0.0
step5
cromossome: [ 1.76832599  4.95771848  2.91469965  0.05161002  1.28453414 -1.77387793
 -2.20531592 -0.5802266   1.45764121 -3.31156621 -0.34490745 -3.13082911
 -1.26835803 -3.23324392  1.83328206 -0.03680637  2.84562895 -0.1679771
 -1.19530098  1.33164165 -2.69607867 -0.86060474 -2.72075648  0.50748855
 -0.18302708 -0.47029044  1.0457334  -0.04520933  1.38047333 -0.08357078]
bestFitness: 0.0
step6
cromossome: [-0.13958134 -3.25197571 -0.7710841  -0.53101202 -2.03659086 -0.31863396
 -0.45946478 -1.45616354 -1.20677524  2.47821699 -3.69462253 -3.24522236
 -0.59221193 -0.19662981 -0.6067834   0.4777411   4.75578432 -0.92140076
  1.0752439  -1.47696274 -0.40014564 -2.5442216  -2.40272382 -0.10135557
 -0.63674006 -4.32453271  2.2306673   0.65586187 -0.43452384  0.93436555]
bestFitness: 0.0
step7
cromossome: [ 0.45185305  1.59589904 -2.50781691  0.69450694 -0.09530924 -2.53442263
  0.84144427  0.40697726 -0.39502813  2.31194992  0.23499209  1.1025663
 -0.52182692  2.21736989  3.6095896   1.69264134  3.18614238 -1.04189122
  0.03975364 -3.22745396  0.17836116 -1.04574753  0.93112768 -0.80116904
  3.2807895   3.69895756  1.92979456  3.93137719  0.28005871  1.53404487]
bestFitness: -0.0
step8
cromossome: [-2.11302032 -1.64080664  1.2863847   0.63003449 -0.43280173 -1.57545859
 -3.05786818 -1.13676199  0.98163612  1.38139537 -0.19087315 -0.15308891
 -1.01350743  0.73587402  0.2314567  -0.35615176  1.02979111  1.2529822
 -3.81415997 -0.88041862  3.06931395 -2.68992286 -1.22371956  0.01390872
  1.63591002  1.328369    3.1345407   4.39091045  4.23447623  0.36247611]
bestFitness: 0.0
step9
cromossome: [ 3.12245691 -2.29458049  2.13843758 -3.74462572 -1.25394401 -1.64126538
  1.10538853  2.08405562 -2.94784018  1.35577275 -1.66622794  2.75819152
 -2.92700887 -0.7890272   0.07876237 -1.12974241  0.05037717  1.27139084
 -0.40796286  2.56011733  1.48769638 -1.09879074  1.20400079 -0.06304354
 -0.64627456  0.12679824 -1.01741458 -4.5990951  -1.9882896  -0.53190187]
bestFitness: 0.0
step10
cromossome: [ 1.08033255  0.21087504 -2.01863017  3.06205528  3.07254689  2.02154362
 -1.06974935  1.52765683 -1.72940499  0.30491501 -1.56031756 -3.46770251
 -0.29805585  2.76169693 -1.87792853 -3.04698347 -2.78677472  2.73035898
  0.23738905  1.83180152 -1.28238548 -2.21238476 -0.28207426 -1.2950369
 -1.22825209 -0.83777542  3.6483688  -0.37690619 -0.9051156  -1.32291926]
bestFitness: 0.0
step11
cromossome: [-0.30162209  0.77085695 -1.79798982 -0.84633712  1.83194448 -3.93450976
  2.37929991 -1.47829934  0.30239279 -0.71422102 -2.14776886 -0.25014941
 -1.19934269 -0.01881008  1.98088615 -2.70984456 -1.29445128 -3.8194858
 -1.00919429 -4.70796647  3.00921166 -1.34626535 -0.82188388 -2.38727027
 -0.09192668 -1.03188565  2.38779881 -0.85382004 -0.38515362 -1.12000137]
bestFitness: -0.0
step12
cromossome: [ 0.28515671  1.11441531 -2.5471153  -3.21077543  0.08232808 -2.2602204
 -2.13013863 -3.4795542   1.51557847 -4.21212401  0.70996371  1.80495279
 -0.09605164 -0.79191141  4.00317774 -0.57900098 -0.99958547 -0.03983812
 -1.5329701  -1.29324991  0.52259652 -1.88864332 -2.08548292  0.24710158
 -1.53869174  2.90016297 -0.7515008   0.41455618  1.49362116  2.70377218]
bestFitness: -0.0
step13
cromossome: [-14.317741     5.50103464   1.61062699 -16.23932422  -4.23390855
   7.43513669   1.94846457   5.5860078    4.35824562   6.44312094
   3.38782757 -12.14772552 -14.58507639   2.63099741  -1.07218002
   0.13901266  -9.0757543  -16.54917502   3.34180248  -6.848658
   8.16355484  -2.06120062   8.60013176   8.45651673  -7.6237541
  10.65785994  -6.34271015  -3.53802246  -6.34957799  -6.39376781]
bestFitness: 9577347.76071
step14
cromossome: [-0.47822204  0.30449905  3.03860664  3.46742296  0.28943653  1.45465787
 -2.05781121 -0.25422706 -0.83699022 -1.57783805 -0.40902236  1.45516306
 -1.2923855   1.12158241  2.8798511   0.07334997 -4.74239077 -4.08154478
 -2.53070121 -0.24842815 -1.14819055  1.61636279  0.70722308 -1.44469954
  2.53672099  1.38455343 -2.46734296 -1.07423269 -0.7473587   1.54655357]
bestFitness: -0.0
step15
cromossome: [-1.1840565   0.60324849 -0.28117311 -2.08298423 -2.22528681  0.33429911
  1.69342484 -1.67834486  3.20750428 -2.42349956  0.78240016 -4.25711578
  1.59934414  1.67638334 -0.15932614  0.15809269  0.16990198 -1.54180853
 -1.87253605  2.27229647 -0.89472207 -2.77625352  0.46557757 -0.43436821
  5.21037969 -0.91431643 -2.54637098  1.59537132 -0.90577845 -0.2264736 ]
bestFitness: -0.0
step16
cromossome: [ 3.09042779  1.01931054  1.45974596  2.05930097  0.02065825  1.4226765
  0.1696333   3.01771527 -0.32696331  1.62193607 -2.25893829 -2.54526596
 -2.40074275  1.33460525 -3.54524283  0.67924665 -3.48655442 -1.16605507
 -3.76366624  0.78424453  1.17356648  2.00434147  1.8347384   0.11014749
  1.85171203 -2.73129592 -0.70269533  0.83221102 -1.09175671 -1.25230451]
bestFitness: -0.0
step17
cromossome: [-3.29829947  1.82691382 -1.85832144  1.12549809 -1.26957229 -2.36473768
 -3.08836616  2.09119717  1.11583705 -0.80988613 -0.02067394  1.98790191
 -0.09302789 -1.8282218  -0.19748872  0.33974469 -1.29867826  1.4860404
 -5.51861859  0.11634901  0.13928018 -0.04450007 -1.22478777 -0.41659723
 -1.96873789  1.25075856 -2.49429904 -1.7014995   1.66490809 -3.47846728]
bestFitness: -0.0
step18
cromossome: [ -5.18836968  -3.88102931  -7.40010671  -8.09583469  -1.58419055
 -18.02668597  -0.81066977  -3.8033244   -7.30501178  -4.58251808
  -2.98277051 -12.05464074  -5.40161302  -6.33571052  -0.49740767
  -4.81927377  -9.31299992   0.57550277   3.80810116   6.47131049
  -2.26639241  -2.21234093   2.65376671  -1.83491604 -11.05716082
   6.55579227  -0.87068445   8.84992968   5.3370489   -8.14183238]
bestFitness: 1911363.25514
step19
cromossome: [ 2.81151763  1.38476699 -1.59476867 -0.57086264  4.19611109 -1.75892165
 -0.23668667 -2.81527533 -0.92297767  3.41365338 -1.03392312  0.2674661
  1.67917062 -0.56573575 -1.11342197  0.26809286  0.93278186 -3.10377025
 -1.31888755  2.2273587  -0.0137832  -0.91828903 -2.08283306 -1.40539084
 -1.50021764 -0.52626632 -3.05409273 -0.97429376 -4.25164434 -0.49248573]
bestFitness: 0.0
step20
cromossome: [-1.26640556 -1.98893478 -0.44499293  1.52664217 -3.22904487  1.91460784
 -1.98165122 -2.41044391 -2.28351619  2.83218488 -1.2954072   2.9752996
 -1.36340258  0.004413    3.99694824 -1.64138383  0.02419175 -0.67216005
  1.56749391 -1.43780375  0.65599515 -3.09208847  1.53102121  0.39612589
 -0.48420758  2.06703278 -0.18432816  3.48105534  1.74681984 -1.31601545]
bestFitness: 0.0
step21
cromossome: [ 1.49337491 -1.90471042 -1.72172922  1.13287262  2.37658613 -2.93194934
  2.16033119 -1.18977515 -1.65723968  0.32866957  0.82030954 -2.33734344
 -1.12763551  1.6304739   1.27171909 -0.01759145  2.41304922 -0.36980183
 -3.20304581 -2.31039166 -0.76779885  0.80008603  6.15782509 -1.1779116
  0.93544914 -0.39196336  2.16997242 -0.0123829   1.01306717  1.0333767 ]
bestFitness: -0.0
step22
cromossome: [-0.04083527  2.81299162 -1.76170259 -3.25551782  1.08753123  0.75122384
  1.38928601 -0.32773725 -0.08434132 -2.62318883 -0.50341157 -2.11168389
 -1.49843024  1.60815611 -1.81690169  2.19176973  1.13533845  1.6998484
  0.96503409  1.38724131 -2.27698601  4.1083469   2.39075313  2.16348063
  1.23484878  1.58487955  2.76382407 -3.63719943 -0.12583047  0.79437522]
bestFitness: -0.0
step23
cromossome: [-2.67889812  3.94744045 -2.76955445 -0.88252547  0.28523946 -2.75778121
  1.53064338  0.78260002  1.53964884 -3.02607808 -0.06425974  0.36538915
 -0.23979671 -1.67813897 -2.02089197 -1.38853914 -1.98721146 -0.86465292
 -3.67990648 -1.05573805 -2.00379121  0.4505556   1.36204488 -0.24558462
  2.08035479 -0.74128419 -2.65600881 -0.84995925 -2.90682133 -2.43305694]
bestFitness: 0.0
step24
cromossome: [ 0.48743204 -0.33275381 -2.03177357  0.27396477 -0.22172679  3.28907051
  0.5562031  -1.33423513 -0.23306462 -3.2897612   0.8983654   0.96711486
  1.96352489 -1.24836459  0.00675807 -1.89971323  2.84478656 -3.88515758
  0.30768544 -0.83908071 -2.23888894  1.18818044 -1.11934085 -0.95511895
 -0.17559424  2.14167327 -3.79418398  4.76904885  1.2121084  -0.10185704]
bestFitness: -0.0
step25
cromossome: [-1.37632412 -3.05232365  1.27579907 -3.30194476  0.30960363 -1.1268964
 -1.96373395  1.24854848 -1.92309459 -0.68876202  0.8136822  -2.33923143
 -2.77282214 -0.12793298 -4.45342671 -1.50971153 -0.3766082  -0.60580828
 -2.5687984   1.3427525  -1.24627645  0.13285037  3.47838716  0.01211033
  0.94251424  0.67451953  2.9452929   2.68987781 -2.10224766  0.38362073]
bestFitness: -0.0
step26
cromossome: [-2.45004542 -2.11826455  0.63858954  1.40211774  1.31632725 -0.04562952
  2.08124323  0.23354108 -1.98531006  5.34951651  1.77506508  1.17007702
 -3.15213872 -2.68960191 -1.45771564  0.43864871 -3.62047093  1.10766554
 -1.15476773  0.96161542  0.12891963 -0.70483935 -0.96915824 -4.34565406
  3.03311295 -1.78292394 -0.03730476 -1.35721328 -0.16043528  1.02687343]
bestFitness: 30.28198
step27
cromossome: [ -5.50656996   1.55484446   1.74321913  -5.34020462  -2.60330958
  -0.20083096  -0.228985    -0.18919784  -3.61371023  -3.38724027
  -8.26299083  -1.53987261  -6.00199131   5.09368627  -2.04704986
  -9.15562872  -7.7813627  -11.60549024   0.24319307  -2.66272565
   2.94463528   2.93937177  -2.50453801  -3.46282946   1.7584755
   5.97723198  -5.71594239  -3.68276082   2.77087458   0.83118041]
bestFitness: 104996.80461
step28
cromossome: [ 2.04590312 -1.70001765  4.17681466  2.87605769 -1.24899626  0.34778707
 -0.15408905  3.17811057  0.21471279  0.37993667 -1.52944312 -2.21572355
 -2.53412278  0.65097518 -2.75618783  0.429465    0.43064974  1.43426235
 -2.13178294  2.66697539  0.21391936 -2.69586056  1.43551965  1.32552637
  0.91106832 -1.21125213 -0.47998511  2.09278191 -4.06010915  0.3607321 ]
bestFitness: 0.0
step29
cromossome: [-1.17897596 -3.20080317  0.86970798 -5.34051805 -1.39497194  1.07505878
 -4.61908305 -0.93787019 -1.14367118  0.62975737 -0.36548857  2.26470281
 -0.60911669  1.01388824 -2.84081929 -1.59940695  0.07497466  0.40896828
 -0.16299735 -0.55765049  0.45552754  2.66999431  1.10079188 -1.31693276
  2.95890764  2.30731862 -0.97044381  0.96112779  0.06147077 -1.72082879]
bestFitness: 0.0
step30
cromossome: [ 0.78458677 -0.35162533  1.792889    1.63816447 -1.677883    3.36565635
  0.77669251  0.71220375  4.23293865 -1.3030928   2.30505532 -0.50729589
  1.93786937  1.78233305 -2.07160981 -4.26658734 -0.33052769  0.09189144
 -1.2939079   1.7058322   0.44016806 -1.30625796  2.49860424  0.37213168
  3.39400174 -1.01484895 -0.12480088 -3.24442332  0.73874274  1.48962554]
bestFitness: -0.0
==================================================================
[-0.0, 0.0, -0.0, 0.0, 0.0, 0.0, -0.0, 0.0, 0.0, 0.0, -0.0, -0.0, 9577347.76071, -0.0, -0.0, -0.0, -0.0, 1911363.25514, 0.0, 0.0, -0.0, -0.0, 0.0, -0.0, -0.0, 30.28198, 104996.80461, 0.0, 0.0, -0.0]
Variance: 3134807994700.2026
Average: 386457.93674800004